% Version 1.00
%
%freq[Hz],db:Trc1_S11,ang:Trc1_S11,db:Trc2_S11,ang:Trc2_S11,db:Trc3_S11,ang:Trc3_S11,db:Trc4_S11,ang:Trc4_S11,
1.950000000000000E+009,-3.597863740314983E+000,-1.446327228188190E+002,-3.597863740314983E+000,-1.446327228188190E+002,-3.597863740314983E+000,-1.446327228188190E+002,-3.597863740314983E+000,-1.446327228188190E+002,
1.955000000000000E+009,-3.688929636272959E+000,-1.459846608950415E+002,-3.688929636272959E+000,-1.459846608950415E+002,-3.688929636272959E+000,-1.459846608950415E+002,-3.688929636272959E+000,-1.459846608950415E+002,
1.960000000000000E+009,-3.797565914890330E+000,-1.475249646096943E+002,-3.797565914890330E+000,-1.475249646096943E+002,-3.797565914890330E+000,-1.475249646096943E+002,-3.797565914890330E+000,-1.475249646096943E+002,
1.965000000000000E+009,-3.922240829936877E+000,-1.493380228517586E+002,-3.922240829936877E+000,-1.493380228517586E+002,-3.922240829936877E+000,-1.493380228517586E+002,-3.922240829936877E+000,-1.493380228517586E+002,
1.970000000000000E+009,-4.048708034918248E+000,-1.514627328079739E+002,-4.048708034918248E+000,-1.514627328079739E+002,-4.048708034918248E+000,-1.514627328079739E+002,-4.048708034918248E+000,-1.514627328079739E+002,
1.975000000000000E+009,-4.180180287863234E+000,-1.539127692677181E+002,-4.180180287863234E+000,-1.539127692677181E+002,-4.180180287863234E+000,-1.539127692677181E+002,-4.180180287863234E+000,-1.539127692677181E+002,
1.980000000000000E+009,-4.301539438931468E+000,-1.567328005179959E+002,-4.301539438931468E+000,-1.567328005179959E+002,-4.301539438931468E+000,-1.567328005179959E+002,-4.301539438931468E+000,-1.567328005179959E+002,
1.985000000000000E+009,-4.411209882123846E+000,-1.598970246693620E+002,-4.411209882123846E+000,-1.598970246693620E+002,-4.411209882123846E+000,-1.598970246693620E+002,-4.411209882123846E+000,-1.598970246693620E+002,
1.990000000000000E+009,-4.498535108965249E+000,-1.633601328341663E+002,-4.498535108965249E+000,-1.633601328341663E+002,-4.498535108965249E+000,-1.633601328341663E+002,-4.498535108965249E+000,-1.633601328341663E+002,
1.995000000000000E+009,-4.555430389425322E+000,-1.671274966653253E+002,-4.555430389425322E+000,-1.671274966653253E+002,-4.555430389425322E+000,-1.671274966653253E+002,-4.555430389425322E+000,-1.671274966653253E+002,
2.000000000000000E+009,-4.575616801632283E+000,-1.710431957999016E+002,-4.575616801632283E+000,-1.710431957999016E+002,-4.575616801632283E+000,-1.710431957999016E+002,-4.575616801632283E+000,-1.710431957999016E+002,
2.005000000000000E+009,-4.554033569137740E+000,-1.751097959173064E+002,-4.554033569137740E+000,-1.751097959173064E+002,-4.554033569137740E+000,-1.751097959173064E+002,-4.554033569137740E+000,-1.751097959173064E+002,
2.010000000000000E+009,-4.497161763194617E+000,-1.791946556158675E+002,-4.497161763194617E+000,-1.791946556158675E+002,-4.497161763194617E+000,-1.791946556158675E+002,-4.497161763194617E+000,-1.791946556158675E+002,
2.015000000000000E+009,-4.398895007243437E+000,1.768193738813850E+002,-4.398895007243437E+000,1.768193738813850E+002,-4.398895007243437E+000,1.768193738813850E+002,-4.398895007243437E+000,1.768193738813850E+002,
2.020000000000000E+009,-4.272657403091327E+000,1.729724714792428E+002,-4.272657403091327E+000,1.729724714792428E+002,-4.272657403091327E+000,1.729724714792428E+002,-4.272657403091327E+000,1.729724714792428E+002,
2.025000000000000E+009,-4.128860735193205E+000,1.694099538394355E+002,-4.128860735193205E+000,1.694099538394355E+002,-4.128860735193205E+000,1.694099538394355E+002,-4.128860735193205E+000,1.694099538394355E+002,
2.030000000000000E+009,-3.968182435518609E+000,1.661485215079911E+002,-3.968182435518609E+000,1.661485215079911E+002,-3.968182435518609E+000,1.661485215079911E+002,-3.968182435518609E+000,1.661485215079911E+002,
2.035000000000000E+009,-3.803025212207378E+000,1.632407039434954E+002,-3.803025212207378E+000,1.632407039434954E+002,-3.803025212207378E+000,1.632407039434954E+002,-3.803025212207378E+000,1.632407039434954E+002,
2.040000000000000E+009,-3.641158478522898E+000,1.606846828381300E+002,-3.641158478522898E+000,1.606846828381300E+002,-3.641158478522898E+000,1.606846828381300E+002,-3.641158478522898E+000,1.606846828381300E+002,
2.045000000000000E+009,-3.485561832320977E+000,1.584804914004346E+002,-3.485561832320977E+000,1.584804914004346E+002,-3.485561832320977E+000,1.584804914004346E+002,-3.485561832320977E+000,1.584804914004346E+002,
2.050000000000000E+009,-3.342591234566944E+000,1.566329181095887E+002,-3.342591234566944E+000,1.566329181095887E+002,-3.342591234566944E+000,1.566329181095887E+002,-3.342591234566944E+000,1.566329181095887E+002,
2.055000000000000E+009,-3.215605094902648E+000,1.550722606859688E+002,-3.215605094902648E+000,1.550722606859688E+002,-3.215605094902648E+000,1.550722606859688E+002,-3.215605094902648E+000,1.550722606859688E+002,
2.060000000000000E+009,-3.106543919626540E+000,1.538026146723199E+002,-3.106543919626540E+000,1.538026146723199E+002,-3.106543919626540E+000,1.538026146723199E+002,-3.106543919626540E+000,1.538026146723199E+002,
2.065000000000000E+009,-3.019131262480082E+000,1.527689660529438E+002,-3.019131262480082E+000,1.527689660529438E+002,-3.019131262480082E+000,1.527689660529438E+002,-3.019131262480082E+000,1.527689660529438E+002,
2.070000000000000E+009,-2.944359230288328E+000,1.519594182221673E+002,-2.944359230288328E+000,1.519594182221673E+002,-2.944359230288328E+000,1.519594182221673E+002,-2.944359230288328E+000,1.519594182221673E+002,
2.075000000000000E+009,-2.895685059445039E+000,1.512532593413999E+002,-2.895685059445039E+000,1.512532593413999E+002,-2.895685059445039E+000,1.512532593413999E+002,-2.895685059445039E+000,1.512532593413999E+002,
2.080000000000000E+009,-2.863882797353059E+000,1.506936471441026E+002,-2.863882797353059E+000,1.506936471441026E+002,-2.863882797353059E+000,1.506936471441026E+002,-2.863882797353059E+000,1.506936471441026E+002,
2.085000000000000E+009,-2.849836552620506E+000,1.501975510524764E+002,-2.849836552620506E+000,1.501975510524764E+002,-2.849836552620506E+000,1.501975510524764E+002,-2.849836552620506E+000,1.501975510524764E+002,
2.090000000000000E+009,-2.855396349205926E+000,1.497050662801834E+002,-2.855396349205926E+000,1.497050662801834E+002,-2.855396349205926E+000,1.497050662801834E+002,-2.855396349205926E+000,1.497050662801834E+002,
2.095000000000000E+009,-2.876217478977486E+000,1.491940901073274E+002,-2.876217478977486E+000,1.491940901073274E+002,-2.876217478977486E+000,1.491940901073274E+002,-2.876217478977486E+000,1.491940901073274E+002,
2.100000000000000E+009,-2.907331756570802E+000,1.485760315933407E+002,-2.907331756570802E+000,1.485760315933407E+002,-2.907331756570802E+000,1.485760315933407E+002,-2.907331756570802E+000,1.485760315933407E+002,
2.105000000000000E+009,-2.953840238278390E+000,1.478184691847563E+002,-2.953840238278390E+000,1.478184691847563E+002,-2.953840238278390E+000,1.478184691847563E+002,-2.953840238278390E+000,1.478184691847563E+002,
2.110000000000000E+009,-3.016000519824563E+000,1.468641393172466E+002,-3.016000519824563E+000,1.468641393172466E+002,-3.016000519824563E+000,1.468641393172466E+002,-3.016000519824563E+000,1.468641393172466E+002,
2.115000000000000E+009,-3.083882711756397E+000,1.456989999097096E+002,-3.083882711756397E+000,1.456989999097096E+002,-3.083882711756397E+000,1.456989999097096E+002,-3.083882711756397E+000,1.456989999097096E+002,
2.120000000000000E+009,-3.158121963697967E+000,1.442358502105653E+002,-3.158121963697967E+000,1.442358502105653E+002,-3.158121963697967E+000,1.442358502105653E+002,-3.158121963697967E+000,1.442358502105653E+002,
2.125000000000000E+009,-3.240896784049712E+000,1.424421203871077E+002,-3.240896784049712E+000,1.424421203871077E+002,-3.240896784049712E+000,1.424421203871077E+002,-3.240896784049712E+000,1.424421203871077E+002,
2.130000000000000E+009,-3.317239436003820E+000,1.403210934737072E+002,-3.317239436003820E+000,1.403210934737072E+002,-3.317239436003820E+000,1.403210934737072E+002,-3.317239436003820E+000,1.403210934737072E+002,
2.135000000000000E+009,-3.396980711673986E+000,1.378222452216268E+002,-3.396980711673986E+000,1.378222452216268E+002,-3.396980711673986E+000,1.378222452216268E+002,-3.396980711673986E+000,1.378222452216268E+002,
2.140000000000000E+009,-3.470578280115473E+000,1.349746277310881E+002,-3.470578280115473E+000,1.349746277310881E+002,-3.470578280115473E+000,1.349746277310881E+002,-3.470578280115473E+000,1.349746277310881E+002,
2.145000000000000E+009,-3.526411574407280E+000,1.318263098198999E+002,-3.526411574407280E+000,1.318263098198999E+002,-3.526411574407280E+000,1.318263098198999E+002,-3.526411574407280E+000,1.318263098198999E+002,
2.150000000000000E+009,-3.564893770286539E+000,1.284062269526123E+002,-3.564893770286539E+000,1.284062269526123E+002,-3.564893770286539E+000,1.284062269526123E+002,-3.564893770286539E+000,1.284062269526123E+002,
2.155000000000000E+009,-3.577126994986800E+000,1.247704906968865E+002,-3.577126994986800E+000,1.247704906968865E+002,-3.577126994986800E+000,1.247704906968865E+002,-3.577126994986800E+000,1.247704906968865E+002,
2.160000000000000E+009,-3.565564365500693E+000,1.210493084161160E+002,-3.565564365500693E+000,1.210493084161160E+002,-3.565564365500693E+000,1.210493084161160E+002,-3.565564365500693E+000,1.210493084161160E+002,
2.165000000000000E+009,-3.522575004782523E+000,1.172802062616683E+002,-3.522575004782523E+000,1.172802062616683E+002,-3.522575004782523E+000,1.172802062616683E+002,-3.522575004782523E+000,1.172802062616683E+002,
2.170000000000000E+009,-3.456316290216428E+000,1.135914558611954E+002,-3.456316290216428E+000,1.135914558611954E+002,-3.456316290216428E+000,1.135914558611954E+002,-3.456316290216428E+000,1.135914558611954E+002,
2.175000000000000E+009,-3.365056286715205E+000,1.100930534034426E+002,-3.365056286715205E+000,1.100930534034426E+002,-3.365056286715205E+000,1.100930534034426E+002,-3.365056286715205E+000,1.100930534034426E+002,
2.180000000000000E+009,-3.259034452591965E+000,1.068363324679588E+002,-3.259034452591965E+000,1.068363324679588E+002,-3.259034452591965E+000,1.068363324679588E+002,-3.259034452591965E+000,1.068363324679588E+002,
2.185000000000000E+009,-3.138615434328651E+000,1.038744795770982E+002,-3.138615434328651E+000,1.038744795770982E+002,-3.138615434328651E+000,1.038744795770982E+002,-3.138615434328651E+000,1.038744795770982E+002,
2.190000000000000E+009,-3.016787190474263E+000,1.012352173528399E+002,-3.016787190474263E+000,1.012352173528399E+002,-3.016787190474263E+000,1.012352173528399E+002,-3.016787190474263E+000,1.012352173528399E+002,
2.195000000000000E+009,-2.898317453270187E+000,9.896587336951181E+001,-2.898317453270187E+000,9.896587336951181E+001,-2.898317453270187E+000,9.896587336951181E+001,-2.898317453270187E+000,9.896587336951181E+001,
2.200000000000000E+009,-2.781361103047603E+000,9.708699899457486E+001,-2.781361103047603E+000,9.708699899457486E+001,-2.781361103047603E+000,9.708699899457486E+001,-2.781361103047603E+000,9.708699899457486E+001,
2.205000000000000E+009,-2.669323730251214E+000,9.552143187718313E+001,-2.669323730251214E+000,9.552143187718313E+001,-2.669323730251214E+000,9.552143187718313E+001,-2.669323730251214E+000,9.552143187718313E+001,
2.210000000000000E+009,-2.568272032488008E+000,9.424316373110527E+001,-2.568272032488008E+000,9.424316373110527E+001,-2.568272032488008E+000,9.424316373110527E+001,-2.568272032488008E+000,9.424316373110527E+001,
2.215000000000000E+009,-2.479028135739718E+000,9.322345838072039E+001,-2.479028135739718E+000,9.322345838072039E+001,-2.479028135739718E+000,9.322345838072039E+001,-2.479028135739718E+000,9.322345838072039E+001,
2.220000000000000E+009,-2.406427543394775E+000,9.243335323226594E+001,-2.406427543394775E+000,9.243335323226594E+001,-2.406427543394775E+000,9.243335323226594E+001,-2.406427543394775E+000,9.243335323226594E+001,
2.225000000000000E+009,-2.351232342514746E+000,9.178961234943911E+001,-2.351232342514746E+000,9.178961234943911E+001,-2.351232342514746E+000,9.178961234943911E+001,-2.351232342514746E+000,9.178961234943911E+001,
2.230000000000000E+009,-2.310706725357627E+000,9.126902227804315E+001,-2.310706725357627E+000,9.126902227804315E+001,-2.310706725357627E+000,9.126902227804315E+001,-2.310706725357627E+000,9.126902227804315E+001,
2.235000000000000E+009,-2.289951985520135E+000,9.085414644285508E+001,-2.289951985520135E+000,9.085414644285508E+001,-2.289951985520135E+000,9.085414644285508E+001,-2.289951985520135E+000,9.085414644285508E+001,
2.240000000000000E+009,-2.286000192148440E+000,9.045109328428626E+001,-2.286000192148440E+000,9.045109328428626E+001,-2.286000192148440E+000,9.045109328428626E+001,-2.286000192148440E+000,9.045109328428626E+001,
2.245000000000000E+009,-2.299723641069181E+000,9.004562366364534E+001,-2.299723641069181E+000,9.004562366364534E+001,-2.299723641069181E+000,9.004562366364534E+001,-2.299723641069181E+000,9.004562366364534E+001,
2.250000000000000E+009,-2.328347030298887E+000,8.956367181792450E+001,-2.328347030298887E+000,8.956367181792450E+001,-2.328347030298887E+000,8.956367181792450E+001,-2.328347030298887E+000,8.956367181792450E+001,
2.255000000000000E+009,-2.374774829438741E+000,8.894707390673301E+001,-2.374774829438741E+000,8.894707390673301E+001,-2.374774829438741E+000,8.894707390673301E+001,-2.374774829438741E+000,8.894707390673301E+001,
2.260000000000000E+009,-2.439357898253945E+000,8.819074938748199E+001,-2.439357898253945E+000,8.819074938748199E+001,-2.439357898253945E+000,8.819074938748199E+001,-2.439357898253945E+000,8.819074938748199E+001,
2.265000000000000E+009,-2.517713003500989E+000,8.718739870093663E+001,-2.517713003500989E+000,8.718739870093663E+001,-2.517713003500989E+000,8.718739870093663E+001,-2.517713003500989E+000,8.718739870093663E+001,
2.270000000000000E+009,-2.605834752482002E+000,8.589869258675699E+001,-2.605834752482002E+000,8.589869258675699E+001,-2.605834752482002E+000,8.589869258675699E+001,-2.605834752482002E+000,8.589869258675699E+001,
2.275000000000000E+009,-2.715230944706237E+000,8.428230099733787E+001,-2.715230944706237E+000,8.428230099733787E+001,-2.715230944706237E+000,8.428230099733787E+001,-2.715230944706237E+000,8.428230099733787E+001,
2.280000000000000E+009,-2.832511717621323E+000,8.232764519310433E+001,-2.832511717621323E+000,8.232764519310433E+001,-2.832511717621323E+000,8.232764519310433E+001,-2.832511717621323E+000,8.232764519310433E+001,
2.285000000000000E+009,-2.963012247511984E+000,7.997120091249943E+001,-2.963012247511984E+000,7.997120091249943E+001,-2.963012247511984E+000,7.997120091249943E+001,-2.963012247511984E+000,7.997120091249943E+001,
2.290000000000000E+009,-3.095510810476535E+000,7.725393574048222E+001,-3.095510810476535E+000,7.725393574048222E+001,-3.095510810476535E+000,7.725393574048222E+001,-3.095510810476535E+000,7.725393574048222E+001,
2.295000000000000E+009,-3.218695991993624E+000,7.412569336838780E+001,-3.218695991993624E+000,7.412569336838780E+001,-3.218695991993624E+000,7.412569336838780E+001,-3.218695991993624E+000,7.412569336838780E+001,
2.300000000000000E+009,-3.325208839319214E+000,7.061060450440006E+001,-3.325208839319214E+000,7.061060450440006E+001,-3.325208839319214E+000,7.061060450440006E+001,-3.325208839319214E+000,7.061060450440006E+001,
2.305000000000000E+009,-3.412278166365740E+000,6.673782339383924E+001,-3.412278166365740E+000,6.673782339383924E+001,-3.412278166365740E+000,6.673782339383924E+001,-3.412278166365740E+000,6.673782339383924E+001,
2.310000000000000E+009,-3.473042021096309E+000,6.254153898911738E+001,-3.473042021096309E+000,6.254153898911738E+001,-3.473042021096309E+000,6.254153898911738E+001,-3.473042021096309E+000,6.254153898911738E+001,
2.315000000000000E+009,-3.501042760013603E+000,5.821353615098936E+001,-3.501042760013603E+000,5.821353615098936E+001,-3.501042760013603E+000,5.821353615098936E+001,-3.501042760013603E+000,5.821353615098936E+001,
2.320000000000000E+009,-3.492321965305038E+000,5.379664732831766E+001,-3.492321965305038E+000,5.379664732831766E+001,-3.492321965305038E+000,5.379664732831766E+001,-3.492321965305038E+000,5.379664732831766E+001,
2.325000000000000E+009,-3.447891402725996E+000,4.942128587748133E+001,-3.447891402725996E+000,4.942128587748133E+001,-3.447891402725996E+000,4.942128587748133E+001,-3.447891402725996E+000,4.942128587748133E+001,
2.330000000000000E+009,-3.373310025878274E+000,4.521093967574124E+001,-3.373310025878274E+000,4.521093967574124E+001,-3.373310025878274E+000,4.521093967574124E+001,-3.373310025878274E+000,4.521093967574124E+001,
2.335000000000000E+009,-3.269890091763152E+000,4.128320354150186E+001,-3.269890091763152E+000,4.128320354150186E+001,-3.269890091763152E+000,4.128320354150186E+001,-3.269890091763152E+000,4.128320354150186E+001,
2.340000000000000E+009,-3.148508643459971E+000,3.767905939181595E+001,-3.148508643459971E+000,3.767905939181595E+001,-3.148508643459971E+000,3.767905939181595E+001,-3.148508643459971E+000,3.767905939181595E+001,
2.345000000000000E+009,-3.013779408346762E+000,3.450716207907881E+001,-3.013779408346762E+000,3.450716207907881E+001,-3.013779408346762E+000,3.450716207907881E+001,-3.013779408346762E+000,3.450716207907881E+001,
2.350000000000000E+009,-2.878115172573851E+000,3.170977378394600E+001,-2.878115172573851E+000,3.170977378394600E+001,-2.878115172573851E+000,3.170977378394600E+001,-2.878115172573851E+000,3.170977378394600E+001,
2.355000000000000E+009,-2.746750151593667E+000,2.934814989042592E+001,-2.746750151593667E+000,2.934814989042592E+001,-2.746750151593667E+000,2.934814989042592E+001,-2.746750151593667E+000,2.934814989042592E+001,
2.360000000000000E+009,-2.625217985770232E+000,2.735584931285976E+001,-2.625217985770232E+000,2.735584931285976E+001,-2.625217985770232E+000,2.735584931285976E+001,-2.625217985770232E+000,2.735584931285976E+001,
2.365000000000000E+009,-2.517012262772774E+000,2.571711825035071E+001,-2.517012262772774E+000,2.571711825035071E+001,-2.517012262772774E+000,2.571711825035071E+001,-2.517012262772774E+000,2.571711825035071E+001,
2.370000000000000E+009,-2.423694307693022E+000,2.443368142924103E+001,-2.423694307693022E+000,2.443368142924103E+001,-2.423694307693022E+000,2.443368142924103E+001,-2.423694307693022E+000,2.443368142924103E+001,
2.375000000000000E+009,-2.348876690993561E+000,2.340486855630271E+001,-2.348876690993561E+000,2.340486855630271E+001,-2.348876690993561E+000,2.340486855630271E+001,-2.348876690993561E+000,2.340486855630271E+001,
2.380000000000000E+009,-2.291900712887963E+000,2.256778246947060E+001,-2.291900712887963E+000,2.256778246947060E+001,-2.291900712887963E+000,2.256778246947060E+001,-2.291900712887963E+000,2.256778246947060E+001,
2.385000000000000E+009,-2.253609426230300E+000,2.185549041739775E+001,-2.253609426230300E+000,2.185549041739775E+001,-2.253609426230300E+000,2.185549041739775E+001,-2.253609426230300E+000,2.185549041739775E+001,
2.390000000000000E+009,-2.236466370215035E+000,2.122735430109278E+001,-2.236466370215035E+000,2.122735430109278E+001,-2.236466370215035E+000,2.122735430109278E+001,-2.236466370215035E+000,2.122735430109278E+001,
2.395000000000000E+009,-2.245504368793041E+000,2.058263414236066E+001,-2.245504368793041E+000,2.058263414236066E+001,-2.245504368793041E+000,2.058263414236066E+001,-2.245504368793041E+000,2.058263414236066E+001,
2.400000000000000E+009,-2.271488772450186E+000,1.991840126844236E+001,-2.271488772450186E+000,1.991840126844236E+001,-2.271488772450186E+000,1.991840126844236E+001,-2.271488772450186E+000,1.991840126844236E+001,
2.405000000000000E+009,-2.321752579566947E+000,1.914449263282467E+001,-2.321752579566947E+000,1.914449263282467E+001,-2.321752579566947E+000,1.914449263282467E+001,-2.321752579566947E+000,1.914449263282467E+001,
2.410000000000000E+009,-2.385240751711029E+000,1.820681074501369E+001,-2.385240751711029E+000,1.820681074501369E+001,-2.385240751711029E+000,1.820681074501369E+001,-2.385240751711029E+000,1.820681074501369E+001,
2.415000000000000E+009,-2.474139801880662E+000,1.699135257922149E+001,-2.474139801880662E+000,1.699135257922149E+001,-2.474139801880662E+000,1.699135257922149E+001,-2.474139801880662E+000,1.699135257922149E+001,
2.420000000000000E+009,-2.577029346774696E+000,1.548757138962482E+001,-2.577029346774696E+000,1.548757138962482E+001,-2.577029346774696E+000,1.548757138962482E+001,-2.577029346774696E+000,1.548757138962482E+001,
2.425000000000000E+009,-2.693457116604116E+000,1.360631419727703E+001,-2.693457116604116E+000,1.360631419727703E+001,-2.693457116604116E+000,1.360631419727703E+001,-2.693457116604116E+000,1.360631419727703E+001,
2.430000000000000E+009,-2.823044481470633E+000,1.129589922253772E+001,-2.823044481470633E+000,1.129589922253772E+001,-2.823044481470633E+000,1.129589922253772E+001,-2.823044481470633E+000,1.129589922253772E+001,
2.435000000000000E+009,-2.966249407458762E+000,8.495196542418450E+000,-2.966249407458762E+000,8.495196542418450E+000,-2.966249407458762E+000,8.495196542418450E+000,-2.966249407458762E+000,8.495196542418450E+000,
2.440000000000000E+009,-3.108349902680472E+000,5.237217701605834E+000,-3.108349902680472E+000,5.237217701605834E+000,-3.108349902680472E+000,5.237217701605834E+000,-3.108349902680472E+000,5.237217701605834E+000,
2.445000000000000E+009,-3.248361326647499E+000,1.457565375628813E+000,-3.248361326647499E+000,1.457565375628813E+000,-3.248361326647499E+000,1.457565375628813E+000,-3.248361326647499E+000,1.457565375628813E+000,
2.450000000000000E+009,-3.372127734119067E+000,-2.809399467221782E+000,-3.372127734119067E+000,-2.809399467221782E+000,-3.372127734119067E+000,-2.809399467221782E+000,-3.372127734119067E+000,-2.809399467221782E+000,
2.455000000000000E+009,-3.467014364771141E+000,-7.474620312562220E+000,-3.467014364771141E+000,-7.474620312562220E+000,-3.467014364771141E+000,-7.474620312562220E+000,-3.467014364771141E+000,-7.474620312562220E+000,
2.460000000000000E+009,-3.528312999011302E+000,-1.249347808040286E+001,-3.528312999011302E+000,-1.249347808040286E+001,-3.528312999011302E+000,-1.249347808040286E+001,-3.528312999011302E+000,-1.249347808040286E+001,
2.465000000000000E+009,-3.547143776660365E+000,-1.772531546663173E+001,-3.547143776660365E+000,-1.772531546663173E+001,-3.547143776660365E+000,-1.772531546663173E+001,-3.547143776660365E+000,-1.772531546663173E+001,
2.470000000000000E+009,-3.526529219685878E+000,-2.304457389327340E+001,-3.526529219685878E+000,-2.304457389327340E+001,-3.526529219685878E+000,-2.304457389327340E+001,-3.526529219685878E+000,-2.304457389327340E+001,
2.475000000000000E+009,-3.462275951624882E+000,-2.825358140135190E+001,-3.462275951624882E+000,-2.825358140135190E+001,-3.462275951624882E+000,-2.825358140135190E+001,-3.462275951624882E+000,-2.825358140135190E+001,
2.480000000000000E+009,-3.362305591007964E+000,-3.314803977008630E+001,-3.362305591007964E+000,-3.314803977008630E+001,-3.362305591007964E+000,-3.314803977008630E+001,-3.362305591007964E+000,-3.314803977008630E+001,
2.485000000000000E+009,-3.230391507119248E+000,-3.766823827847705E+001,-3.230391507119248E+000,-3.766823827847705E+001,-3.230391507119248E+000,-3.766823827847705E+001,-3.230391507119248E+000,-3.766823827847705E+001,
2.490000000000000E+009,-3.075447588136171E+000,-4.174083214557750E+001,-3.075447588136171E+000,-4.174083214557750E+001,-3.075447588136171E+000,-4.174083214557750E+001,-3.075447588136171E+000,-4.174083214557750E+001,
2.495000000000000E+009,-2.907262372534649E+000,-4.532624579495139E+001,-2.907262372534649E+000,-4.532624579495139E+001,-2.907262372534649E+000,-4.532624579495139E+001,-2.907262372534649E+000,-4.532624579495139E+001,
2.500000000000000E+009,-2.736756765276915E+000,-4.838328329763781E+001,-2.736756765276915E+000,-4.838328329763781E+001,-2.736756765276915E+000,-4.838328329763781E+001,-2.736756765276915E+000,-4.838328329763781E+001,
2.505000000000000E+009,-2.570184639549312E+000,-5.098680458070459E+001,-2.570184639549312E+000,-5.098680458070459E+001,-2.570184639549312E+000,-5.098680458070459E+001,-2.570184639549312E+000,-5.098680458070459E+001,
2.510000000000000E+009,-2.419487544753237E+000,-5.314286974531189E+001,-2.419487544753237E+000,-5.314286974531189E+001,-2.419487544753237E+000,-5.314286974531189E+001,-2.419487544753237E+000,-5.314286974531189E+001,
2.515000000000000E+009,-2.289494030513492E+000,-5.486477744182572E+001,-2.289494030513492E+000,-5.486477744182572E+001,-2.289494030513492E+000,-5.486477744182572E+001,-2.289494030513492E+000,-5.486477744182572E+001,
2.520000000000000E+009,-2.174432742121293E+000,-5.619710851437863E+001,-2.174432742121293E+000,-5.619710851437863E+001,-2.174432742121293E+000,-5.619710851437863E+001,-2.174432742121293E+000,-5.619710851437863E+001,
2.525000000000000E+009,-2.076674788079239E+000,-5.718503906011107E+001,-2.076674788079239E+000,-5.718503906011107E+001,-2.076674788079239E+000,-5.718503906011107E+001,-2.076674788079239E+000,-5.718503906011107E+001,
2.530000000000000E+009,-1.994011896512160E+000,-5.793890664911204E+001,-1.994011896512160E+000,-5.793890664911204E+001,-1.994011896512160E+000,-5.793890664911204E+001,-1.994011896512160E+000,-5.793890664911204E+001,
2.535000000000000E+009,-1.925228992013133E+000,-5.851469219851775E+001,-1.925228992013133E+000,-5.851469219851775E+001,-1.925228992013133E+000,-5.851469219851775E+001,-1.925228992013133E+000,-5.851469219851775E+001,
2.540000000000000E+009,-1.876492693874461E+000,-5.897010443986276E+001,-1.876492693874461E+000,-5.897010443986276E+001,-1.876492693874461E+000,-5.897010443986276E+001,-1.876492693874461E+000,-5.897010443986276E+001,
2.545000000000000E+009,-1.842787814714828E+000,-5.935591043192999E+001,-1.842787814714828E+000,-5.935591043192999E+001,-1.842787814714828E+000,-5.935591043192999E+001,-1.842787814714828E+000,-5.935591043192999E+001,
2.550000000000000E+009,-1.825554746966168E+000,-5.976641561313981E+001,-1.825554746966168E+000,-5.976641561313981E+001,-1.825554746966168E+000,-5.976641561313981E+001,-1.825554746966168E+000,-5.976641561313981E+001,
2.555000000000000E+009,-1.821732793493974E+000,-6.025324890632621E+001,-1.821732793493974E+000,-6.025324890632621E+001,-1.821732793493974E+000,-6.025324890632621E+001,-1.821732793493974E+000,-6.025324890632621E+001,
2.560000000000000E+009,-1.841738628628706E+000,-6.085770669053679E+001,-1.841738628628706E+000,-6.085770669053679E+001,-1.841738628628706E+000,-6.085770669053679E+001,-1.841738628628706E+000,-6.085770669053679E+001,
2.565000000000000E+009,-1.866740880893586E+000,-6.164431509070565E+001,-1.866740880893586E+000,-6.164431509070565E+001,-1.866740880893586E+000,-6.164431509070565E+001,-1.866740880893586E+000,-6.164431509070565E+001,
2.570000000000000E+009,-1.907615158341535E+000,-6.270635554890253E+001,-1.907615158341535E+000,-6.270635554890253E+001,-1.907615158341535E+000,-6.270635554890253E+001,-1.907615158341535E+000,-6.270635554890253E+001,
2.575000000000000E+009,-1.960291420742204E+000,-6.405795237379549E+001,-1.960291420742204E+000,-6.405795237379549E+001,-1.960291420742204E+000,-6.405795237379549E+001,-1.960291420742204E+000,-6.405795237379549E+001,
2.580000000000000E+009,-2.019352805226713E+000,-6.575198872676886E+001,-2.019352805226713E+000,-6.575198872676886E+001,-2.019352805226713E+000,-6.575198872676886E+001,-2.019352805226713E+000,-6.575198872676886E+001,
2.585000000000000E+009,-2.078833306643109E+000,-6.786319003115376E+001,-2.078833306643109E+000,-6.786319003115376E+001,-2.078833306643109E+000,-6.786319003115376E+001,-2.078833306643109E+000,-6.786319003115376E+001,
2.590000000000000E+009,-2.142815159528295E+000,-7.042471277945833E+001,-2.142815159528295E+000,-7.042471277945833E+001,-2.142815159528295E+000,-7.042471277945833E+001,-2.142815159528295E+000,-7.042471277945833E+001,
2.595000000000000E+009,-2.208042322258250E+000,-7.341332362891643E+001,-2.208042322258250E+000,-7.341332362891643E+001,-2.208042322258250E+000,-7.341332362891643E+001,-2.208042322258250E+000,-7.341332362891643E+001,
2.600000000000000E+009,-2.265098815356381E+000,-7.678740439000785E+001,-2.265098815356381E+000,-7.678740439000785E+001,-2.265098815356381E+000,-7.678740439000785E+001,-2.265098815356381E+000,-7.678740439000785E+001,
2.605000000000000E+009,-2.306321236057817E+000,-8.049357345338410E+001,-2.306321236057817E+000,-8.049357345338410E+001,-2.306321236057817E+000,-8.049357345338410E+001,-2.306321236057817E+000,-8.049357345338410E+001,
2.610000000000000E+009,-2.318598618907881E+000,-8.452501152718783E+001,-2.318598618907881E+000,-8.452501152718783E+001,-2.318598618907881E+000,-8.452501152718783E+001,-2.318598618907881E+000,-8.452501152718783E+001,
2.615000000000000E+009,-2.314099049615108E+000,-8.875181659137709E+001,-2.314099049615108E+000,-8.875181659137709E+001,-2.314099049615108E+000,-8.875181659137709E+001,-2.314099049615108E+000,-8.875181659137709E+001,
2.620000000000000E+009,-2.280026660415499E+000,-9.303246054856031E+001,-2.280026660415499E+000,-9.303246054856031E+001,-2.280026660415499E+000,-9.303246054856031E+001,-2.280026660415499E+000,-9.303246054856031E+001,
2.625000000000000E+009,-2.222608719166107E+000,-9.726194556214566E+001,-2.222608719166107E+000,-9.726194556214566E+001,-2.222608719166107E+000,-9.726194556214566E+001,-2.222608719166107E+000,-9.726194556214566E+001,
2.630000000000000E+009,-2.139990492705896E+000,-1.013880763742267E+002,-2.139990492705896E+000,-1.013880763742267E+002,-2.139990492705896E+000,-1.013880763742267E+002,-2.139990492705896E+000,-1.013880763742267E+002,
2.635000000000000E+009,-2.050769901844697E+000,-1.052542452018830E+002,-2.050769901844697E+000,-1.052542452018830E+002,-2.050769901844697E+000,-1.052542452018830E+002,-2.050769901844697E+000,-1.052542452018830E+002,
2.640000000000000E+009,-1.950692277850841E+000,-1.086658771682516E+002,-1.950692277850841E+000,-1.086658771682516E+002,-1.950692277850841E+000,-1.086658771682516E+002,-1.950692277850841E+000,-1.086658771682516E+002,
2.645000000000000E+009,-1.833528006127483E+000,-1.116555796834900E+002,-1.833528006127483E+000,-1.116555796834900E+002,-1.833528006127483E+000,-1.116555796834900E+002,-1.833528006127483E+000,-1.116555796834900E+002,
2.650000000000000E+009,-1.721025084558461E+000,-1.142539348873167E+002,-1.721025084558461E+000,-1.142539348873167E+002,-1.721025084558461E+000,-1.142539348873167E+002,-1.721025084558461E+000,-1.142539348873167E+002,
2.655000000000000E+009,-1.609784448476856E+000,-1.164099183808892E+002,-1.609784448476856E+000,-1.164099183808892E+002,-1.609784448476856E+000,-1.164099183808892E+002,-1.609784448476856E+000,-1.164099183808892E+002,
2.660000000000000E+009,-1.502364148827786E+000,-1.181063815700153E+002,-1.502364148827786E+000,-1.181063815700153E+002,-1.502364148827786E+000,-1.181063815700153E+002,-1.502364148827786E+000,-1.181063815700153E+002,
2.665000000000000E+009,-1.404249620683467E+000,-1.194592726358673E+002,-1.404249620683467E+000,-1.194592726358673E+002,-1.404249620683467E+000,-1.194592726358673E+002,-1.404249620683467E+000,-1.194592726358673E+002,
2.670000000000000E+009,-1.314195398400297E+000,-1.204422679487781E+002,-1.314195398400297E+000,-1.204422679487781E+002,-1.314195398400297E+000,-1.204422679487781E+002,-1.314195398400297E+000,-1.204422679487781E+002,
2.675000000000000E+009,-1.239640653757712E+000,-1.211048494392082E+002,-1.239640653757712E+000,-1.211048494392082E+002,-1.239640653757712E+000,-1.211048494392082E+002,-1.239640653757712E+000,-1.211048494392082E+002,
2.680000000000000E+009,-1.175134866711361E+000,-1.215210535041664E+002,-1.175134866711361E+000,-1.215210535041664E+002,-1.175134866711361E+000,-1.215210535041664E+002,-1.175134866711361E+000,-1.215210535041664E+002,
2.685000000000000E+009,-1.122207556810498E+000,-1.217186785302726E+002,-1.122207556810498E+000,-1.217186785302726E+002,-1.122207556810498E+000,-1.217186785302726E+002,-1.122207556810498E+000,-1.217186785302726E+002,
2.690000000000000E+009,-1.079629229975837E+000,-1.217294401342732E+002,-1.079629229975837E+000,-1.217294401342732E+002,-1.079629229975837E+000,-1.217294401342732E+002,-1.079629229975837E+000,-1.217294401342732E+002,
2.695000000000000E+009,-1.049466754028548E+000,-1.216427355102513E+002,-1.049466754028548E+000,-1.216427355102513E+002,-1.049466754028548E+000,-1.216427355102513E+002,-1.049466754028548E+000,-1.216427355102513E+002,
2.700000000000000E+009,-1.036740065862712E+000,-1.214915218535692E+002,-1.036740065862712E+000,-1.214915218535692E+002,-1.036740065862712E+000,-1.214915218535692E+002,-1.036740065862712E+000,-1.214915218535692E+002,
2.705000000000000E+009,-1.029959715914120E+000,-1.213111625263874E+002,-1.029959715914120E+000,-1.213111625263874E+002,-1.029959715914120E+000,-1.213111625263874E+002,-1.029959715914120E+000,-1.213111625263874E+002,
2.710000000000000E+009,-1.038292828779414E+000,-1.211479020180190E+002,-1.038292828779414E+000,-1.211479020180190E+002,-1.038292828779414E+000,-1.211479020180190E+002,-1.038292828779414E+000,-1.211479020180190E+002,
2.715000000000000E+009,-1.051537950326377E+000,-1.210762906490344E+002,-1.051537950326377E+000,-1.210762906490344E+002,-1.051537950326377E+000,-1.210762906490344E+002,-1.051537950326377E+000,-1.210762906490344E+002,
2.720000000000000E+009,-1.075440273848666E+000,-1.211137367474946E+002,-1.075440273848666E+000,-1.211137367474946E+002,-1.075440273848666E+000,-1.211137367474946E+002,-1.075440273848666E+000,-1.211137367474946E+002,
2.725000000000000E+009,-1.112292882464404E+000,-1.213055437506091E+002,-1.112292882464404E+000,-1.213055437506091E+002,-1.112292882464404E+000,-1.213055437506091E+002,-1.112292882464404E+000,-1.213055437506091E+002,
2.730000000000000E+009,-1.156480745662593E+000,-1.217051109278534E+002,-1.156480745662593E+000,-1.217051109278534E+002,-1.156480745662593E+000,-1.217051109278534E+002,-1.156480745662593E+000,-1.217051109278534E+002,
2.735000000000000E+009,-1.205094192118653E+000,-1.223505612511266E+002,-1.205094192118653E+000,-1.223505612511266E+002,-1.205094192118653E+000,-1.223505612511266E+002,-1.205094192118653E+000,-1.223505612511266E+002,
2.740000000000000E+009,-1.257118926146984E+000,-1.233029136406492E+002,-1.257118926146984E+000,-1.233029136406492E+002,-1.257118926146984E+000,-1.233029136406492E+002,-1.257118926146984E+000,-1.233029136406492E+002,
2.745000000000000E+009,-1.316147569478925E+000,-1.245690703106955E+002,-1.316147569478925E+000,-1.245690703106955E+002,-1.316147569478925E+000,-1.245690703106955E+002,-1.316147569478925E+000,-1.245690703106955E+002,
2.750000000000000E+009,-1.377414015189635E+000,-1.261549117855915E+002,-1.377414015189635E+000,-1.261549117855915E+002,-1.377414015189635E+000,-1.261549117855915E+002,-1.377414015189635E+000,-1.261549117855915E+002,
2.755000000000000E+009,-1.436220672641986E+000,-1.281071154357605E+002,-1.436220672641986E+000,-1.281071154357605E+002,-1.436220672641986E+000,-1.281071154357605E+002,-1.436220672641986E+000,-1.281071154357605E+002,
2.760000000000000E+009,-1.490239142840113E+000,-1.303486855149790E+002,-1.490239142840113E+000,-1.303486855149790E+002,-1.490239142840113E+000,-1.303486855149790E+002,-1.490239142840113E+000,-1.303486855149790E+002,
2.765000000000000E+009,-1.538110513893325E+000,-1.329089450830160E+002,-1.538110513893325E+000,-1.329089450830160E+002,-1.538110513893325E+000,-1.329089450830160E+002,-1.538110513893325E+000,-1.329089450830160E+002,
2.770000000000000E+009,-1.573312293334487E+000,-1.357139397427028E+002,-1.573312293334487E+000,-1.357139397427028E+002,-1.573312293334487E+000,-1.357139397427028E+002,-1.573312293334487E+000,-1.357139397427028E+002,
2.775000000000000E+009,-1.590828673404261E+000,-1.387031301473691E+002,-1.590828673404261E+000,-1.387031301473691E+002,-1.590828673404261E+000,-1.387031301473691E+002,-1.590828673404261E+000,-1.387031301473691E+002,
2.780000000000000E+009,-1.591100823716037E+000,-1.417893344326658E+002,-1.591100823716037E+000,-1.417893344326658E+002,-1.591100823716037E+000,-1.417893344326658E+002,-1.591100823716037E+000,-1.417893344326658E+002,
2.785000000000000E+009,-1.572038080841002E+000,-1.449388156000782E+002,-1.572038080841002E+000,-1.449388156000782E+002,-1.572038080841002E+000,-1.449388156000782E+002,-1.572038080841002E+000,-1.449388156000782E+002,
2.790000000000000E+009,-1.538944137268269E+000,-1.480172932014906E+002,-1.538944137268269E+000,-1.480172932014906E+002,-1.538944137268269E+000,-1.480172932014906E+002,-1.538944137268269E+000,-1.480172932014906E+002,
2.795000000000000E+009,-1.490055985128323E+000,-1.509133491759957E+002,-1.490055985128323E+000,-1.509133491759957E+002,-1.490055985128323E+000,-1.509133491759957E+002,-1.490055985128323E+000,-1.509133491759957E+002,
2.800000000000000E+009,-1.429442533299085E+000,-1.535741013566601E+002,-1.429442533299085E+000,-1.535741013566601E+002,-1.429442533299085E+000,-1.535741013566601E+002,-1.429442533299085E+000,-1.535741013566601E+002,
2.805000000000000E+009,-1.357589172077674E+000,-1.559401849968589E+002,-1.357589172077674E+000,-1.559401849968589E+002,-1.357589172077674E+000,-1.559401849968589E+002,-1.357589172077674E+000,-1.559401849968589E+002,
2.810000000000000E+009,-1.276699161955626E+000,-1.579756583511014E+002,-1.276699161955626E+000,-1.579756583511014E+002,-1.276699161955626E+000,-1.579756583511014E+002,-1.276699161955626E+000,-1.579756583511014E+002,
2.815000000000000E+009,-1.195786866608252E+000,-1.596872932623165E+002,-1.195786866608252E+000,-1.596872932623165E+002,-1.195786866608252E+000,-1.596872932623165E+002,-1.195786866608252E+000,-1.596872932623165E+002,
2.820000000000000E+009,-1.114669682382640E+000,-1.610491744456368E+002,-1.114669682382640E+000,-1.610491744456368E+002,-1.114669682382640E+000,-1.610491744456368E+002,-1.114669682382640E+000,-1.610491744456368E+002,
2.825000000000000E+009,-1.040837355284179E+000,-1.620661439287218E+002,-1.040837355284179E+000,-1.620661439287218E+002,-1.040837355284179E+000,-1.620661439287218E+002,-1.040837355284179E+000,-1.620661439287218E+002,
2.830000000000000E+009,-9.705273180657799E-001,-1.627293945544272E+002,-9.705273180657799E-001,-1.627293945544272E+002,-9.705273180657799E-001,-1.627293945544272E+002,-9.705273180657799E-001,-1.627293945544272E+002,
2.835000000000000E+009,-9.068990689279237E-001,-1.631286936958408E+002,-9.068990689279237E-001,-1.631286936958408E+002,-9.068990689279237E-001,-1.631286936958408E+002,-9.068990689279237E-001,-1.631286936958408E+002,
2.840000000000000E+009,-8.482097664984496E-001,-1.632240624840053E+002,-8.482097664984496E-001,-1.632240624840053E+002,-8.482097664984496E-001,-1.632240624840053E+002,-8.482097664984496E-001,-1.632240624840053E+002,
2.845000000000000E+009,-7.964799921212984E-001,-1.631183113998317E+002,-7.964799921212984E-001,-1.631183113998317E+002,-7.964799921212984E-001,-1.631183113998317E+002,-7.964799921212984E-001,-1.631183113998317E+002,
2.850000000000000E+009,-7.546212268165337E-001,-1.628534583231839E+002,-7.546212268165337E-001,-1.628534583231839E+002,-7.546212268165337E-001,-1.628534583231839E+002,-7.546212268165337E-001,-1.628534583231839E+002,
2.855000000000000E+009,-7.221333145036774E-001,-1.624403445162856E+002,-7.221333145036774E-001,-1.624403445162856E+002,-7.221333145036774E-001,-1.624403445162856E+002,-7.221333145036774E-001,-1.624403445162856E+002,
2.860000000000000E+009,-7.056833509751953E-001,-1.619236660185187E+002,-7.056833509751953E-001,-1.619236660185187E+002,-7.056833509751953E-001,-1.619236660185187E+002,-7.056833509751953E-001,-1.619236660185187E+002,
2.865000000000000E+009,-6.920236050883110E-001,-1.613461610712850E+002,-6.920236050883110E-001,-1.613461610712850E+002,-6.920236050883110E-001,-1.613461610712850E+002,-6.920236050883110E-001,-1.613461610712850E+002,
2.870000000000000E+009,-6.931920977226360E-001,-1.607627969620501E+002,-6.931920977226360E-001,-1.607627969620501E+002,-6.931920977226360E-001,-1.607627969620501E+002,-6.931920977226360E-001,-1.607627969620501E+002,
2.875000000000000E+009,-6.997104776253600E-001,-1.601880329935486E+002,-6.997104776253600E-001,-1.601880329935486E+002,-6.997104776253600E-001,-1.601880329935486E+002,-6.997104776253600E-001,-1.601880329935486E+002,
2.880000000000000E+009,-7.188767927574437E-001,-1.596796275508949E+002,-7.188767927574437E-001,-1.596796275508949E+002,-7.188767927574437E-001,-1.596796275508949E+002,-7.188767927574437E-001,-1.596796275508949E+002,
2.885000000000000E+009,-7.450356106422653E-001,-1.592940403079109E+002,-7.450356106422653E-001,-1.592940403079109E+002,-7.450356106422653E-001,-1.592940403079109E+002,-7.450356106422653E-001,-1.592940403079109E+002,
2.890000000000000E+009,-7.835133196078392E-001,-1.590794015995774E+002,-7.835133196078392E-001,-1.590794015995774E+002,-7.835133196078392E-001,-1.590794015995774E+002,-7.835133196078392E-001,-1.590794015995774E+002,
2.895000000000000E+009,-8.281957677067188E-001,-1.590279600573967E+002,-8.281957677067188E-001,-1.590279600573967E+002,-8.281957677067188E-001,-1.590279600573967E+002,-8.281957677067188E-001,-1.590279600573967E+002,
2.900000000000000E+009,-8.816059448399691E-001,-1.592201867196517E+002,-8.816059448399691E-001,-1.592201867196517E+002,-8.816059448399691E-001,-1.592201867196517E+002,-8.816059448399691E-001,-1.592201867196517E+002,
2.905000000000000E+009,-9.433058448503499E-001,-1.596964025531783E+002,-9.433058448503499E-001,-1.596964025531783E+002,-9.433058448503499E-001,-1.596964025531783E+002,-9.433058448503499E-001,-1.596964025531783E+002,
2.910000000000000E+009,-1.013440471516979E+000,-1.604610779786818E+002,-1.013440471516979E+000,-1.604610779786818E+002,-1.013440471516979E+000,-1.604610779786818E+002,-1.013440471516979E+000,-1.604610779786818E+002,
2.915000000000000E+009,-1.084466590042269E+000,-1.615317323518356E+002,-1.084466590042269E+000,-1.615317323518356E+002,-1.084466590042269E+000,-1.615317323518356E+002,-1.084466590042269E+000,-1.615317323518356E+002,
2.920000000000000E+009,-1.157255883069117E+000,-1.629341905943137E+002,-1.157255883069117E+000,-1.629341905943137E+002,-1.157255883069117E+000,-1.629341905943137E+002,-1.157255883069117E+000,-1.629341905943137E+002,
2.925000000000000E+009,-1.230844291645252E+000,-1.646808591615206E+002,-1.230844291645252E+000,-1.646808591615206E+002,-1.230844291645252E+000,-1.646808591615206E+002,-1.230844291645252E+000,-1.646808591615206E+002,
2.930000000000000E+009,-1.299994211818615E+000,-1.667692604891896E+002,-1.299994211818615E+000,-1.667692604891896E+002,-1.299994211818615E+000,-1.667692604891896E+002,-1.299994211818615E+000,-1.667692604891896E+002,
2.935000000000000E+009,-1.356834649645755E+000,-1.691449016906134E+002,-1.356834649645755E+000,-1.691449016906134E+002,-1.356834649645755E+000,-1.691449016906134E+002,-1.356834649645755E+000,-1.691449016906134E+002,
2.940000000000000E+009,-1.404620650187788E+000,-1.717683301410933E+002,-1.404620650187788E+000,-1.717683301410933E+002,-1.404620650187788E+000,-1.717683301410933E+002,-1.404620650187788E+000,-1.717683301410933E+002,
2.945000000000000E+009,-1.439486872613301E+000,-1.746065319675298E+002,-1.439486872613301E+000,-1.746065319675298E+002,-1.439486872613301E+000,-1.746065319675298E+002,-1.439486872613301E+000,-1.746065319675298E+002,
2.950000000000000E+009,-1.455968957962091E+000,-1.775576077738833E+002,-1.455968957962091E+000,-1.775576077738833E+002,-1.455968957962091E+000,-1.775576077738833E+002,-1.455968957962091E+000,-1.775576077738833E+002,
