% Version 1.00
%
%freq[Hz],db:Trc1_S11,ang:Trc1_S11,db:Trc2_S11,ang:Trc2_S11,db:Trc3_S11,ang:Trc3_S11,db:Trc4_S11,ang:Trc4_S11,
1.950000000000000E+009,-4.912432545796137E+000,-8.665177503909314E+001,-4.912432545796137E+000,-8.665177503909314E+001,-4.912432545796137E+000,-8.665177503909314E+001,-4.912432545796137E+000,-8.665177503909314E+001,
1.955000000000000E+009,-4.991241255867846E+000,-8.660171939760311E+001,-4.991241255867846E+000,-8.660171939760311E+001,-4.991241255867846E+000,-8.660171939760311E+001,-4.991241255867846E+000,-8.660171939760311E+001,
1.960000000000000E+009,-5.104732278431954E+000,-8.649331126805240E+001,-5.104732278431954E+000,-8.649331126805240E+001,-5.104732278431954E+000,-8.649331126805240E+001,-5.104732278431954E+000,-8.649331126805240E+001,
1.965000000000000E+009,-5.250177361976082E+000,-8.637710970879181E+001,-5.250177361976082E+000,-8.637710970879181E+001,-5.250177361976082E+000,-8.637710970879181E+001,-5.250177361976082E+000,-8.637710970879181E+001,
1.970000000000000E+009,-5.429536403881906E+000,-8.627192903534292E+001,-5.429536403881906E+000,-8.627192903534292E+001,-5.429536403881906E+000,-8.627192903534292E+001,-5.429536403881906E+000,-8.627192903534292E+001,
1.975000000000000E+009,-5.635679819740736E+000,-8.619333156084640E+001,-5.635679819740736E+000,-8.619333156084640E+001,-5.635679819740736E+000,-8.619333156084640E+001,-5.635679819740736E+000,-8.619333156084640E+001,
1.980000000000000E+009,-5.879273869008656E+000,-8.632134640909895E+001,-5.879273869008656E+000,-8.632134640909895E+001,-5.879273869008656E+000,-8.632134640909895E+001,-5.879273869008656E+000,-8.632134640909895E+001,
1.985000000000000E+009,-6.165251623924191E+000,-8.658557861668396E+001,-6.165251623924191E+000,-8.658557861668396E+001,-6.165251623924191E+000,-8.658557861668396E+001,-6.165251623924191E+000,-8.658557861668396E+001,
1.990000000000000E+009,-6.481144456338509E+000,-8.705460178651507E+001,-6.481144456338509E+000,-8.705460178651507E+001,-6.481144456338509E+000,-8.705460178651507E+001,-6.481144456338509E+000,-8.705460178651507E+001,
1.995000000000000E+009,-6.843544666277976E+000,-8.772409233263667E+001,-6.843544666277976E+000,-8.772409233263667E+001,-6.843544666277976E+000,-8.772409233263667E+001,-6.843544666277976E+000,-8.772409233263667E+001,
2.000000000000000E+009,-7.238171051521067E+000,-8.853309779155461E+001,-7.238171051521067E+000,-8.853309779155461E+001,-7.238171051521067E+000,-8.853309779155461E+001,-7.238171051521067E+000,-8.853309779155461E+001,
2.005000000000000E+009,-7.655674901181820E+000,-8.956212081880771E+001,-7.655674901181820E+000,-8.956212081880771E+001,-7.655674901181820E+000,-8.956212081880771E+001,-7.655674901181820E+000,-8.956212081880771E+001,
2.010000000000000E+009,-8.065670803174998E+000,-9.088987026079347E+001,-8.065670803174998E+000,-9.088987026079347E+001,-8.065670803174998E+000,-9.088987026079347E+001,-8.065670803174998E+000,-9.088987026079347E+001,
2.015000000000000E+009,-8.465999354509366E+000,-9.259367807663973E+001,-8.465999354509366E+000,-9.259367807663973E+001,-8.465999354509366E+000,-9.259367807663973E+001,-8.465999354509366E+000,-9.259367807663973E+001,
2.020000000000000E+009,-8.847492445041640E+000,-9.469633889529314E+001,-8.847492445041640E+000,-9.469633889529314E+001,-8.847492445041640E+000,-9.469633889529314E+001,-8.847492445041640E+000,-9.469633889529314E+001,
2.025000000000000E+009,-9.188128512833091E+000,-9.716543060856664E+001,-9.188128512833091E+000,-9.716543060856664E+001,-9.188128512833091E+000,-9.716543060856664E+001,-9.188128512833091E+000,-9.716543060856664E+001,
2.030000000000000E+009,-9.461414078916869E+000,-1.000547331123654E+002,-9.461414078916869E+000,-1.000547331123654E+002,-9.461414078916869E+000,-1.000547331123654E+002,-9.461414078916869E+000,-1.000547331123654E+002,
2.035000000000000E+009,-9.655936424573721E+000,-1.033586400765698E+002,-9.655936424573721E+000,-1.033586400765698E+002,-9.655936424573721E+000,-1.033586400765698E+002,-9.655936424573721E+000,-1.033586400765698E+002,
2.040000000000000E+009,-9.766684593851393E+000,-1.069934860223384E+002,-9.766684593851393E+000,-1.069934860223384E+002,-9.766684593851393E+000,-1.069934860223384E+002,-9.766684593851393E+000,-1.069934860223384E+002,
2.045000000000000E+009,-9.789355599726843E+000,-1.107646949634413E+002,-9.789355599726843E+000,-1.107646949634413E+002,-9.789355599726843E+000,-1.107646949634413E+002,-9.789355599726843E+000,-1.107646949634413E+002,
2.050000000000000E+009,-9.749823882539156E+000,-1.145471236805209E+002,-9.749823882539156E+000,-1.145471236805209E+002,-9.749823882539156E+000,-1.145471236805209E+002,-9.749823882539156E+000,-1.145471236805209E+002,
2.055000000000000E+009,-9.644363156637821E+000,-1.179681156979984E+002,-9.644363156637821E+000,-1.179681156979984E+002,-9.644363156637821E+000,-1.179681156979984E+002,-9.644363156637821E+000,-1.179681156979984E+002,
2.060000000000000E+009,-9.452196315804835E+000,-1.208992748534135E+002,-9.452196315804835E+000,-1.208992748534135E+002,-9.452196315804835E+000,-1.208992748534135E+002,-9.452196315804835E+000,-1.208992748534135E+002,
2.065000000000000E+009,-9.187757022950926E+000,-1.234722598796956E+002,-9.187757022950926E+000,-1.234722598796956E+002,-9.187757022950926E+000,-1.234722598796956E+002,-9.187757022950926E+000,-1.234722598796956E+002,
2.070000000000000E+009,-8.885323627021771E+000,-1.257545745537028E+002,-8.885323627021771E+000,-1.257545745537028E+002,-8.885323627021771E+000,-1.257545745537028E+002,-8.885323627021771E+000,-1.257545745537028E+002,
2.075000000000000E+009,-8.584971544497773E+000,-1.276820740124379E+002,-8.584971544497773E+000,-1.276820740124379E+002,-8.584971544497773E+000,-1.276820740124379E+002,-8.584971544497773E+000,-1.276820740124379E+002,
2.080000000000000E+009,-8.293460539099501E+000,-1.291747420094955E+002,-8.293460539099501E+000,-1.291747420094955E+002,-8.293460539099501E+000,-1.291747420094955E+002,-8.293460539099501E+000,-1.291747420094955E+002,
2.085000000000000E+009,-8.031120065781872E+000,-1.302494771997635E+002,-8.031120065781872E+000,-1.302494771997635E+002,-8.031120065781872E+000,-1.302494771997635E+002,-8.031120065781872E+000,-1.302494771997635E+002,
2.090000000000000E+009,-7.788718218147922E+000,-1.308772948695706E+002,-7.788718218147922E+000,-1.308772948695706E+002,-7.788718218147922E+000,-1.308772948695706E+002,-7.788718218147922E+000,-1.308772948695706E+002,
2.095000000000000E+009,-7.561130254165247E+000,-1.311230733236828E+002,-7.561130254165247E+000,-1.311230733236828E+002,-7.561130254165247E+000,-1.311230733236828E+002,-7.561130254165247E+000,-1.311230733236828E+002,
2.100000000000000E+009,-7.348464112789347E+000,-1.312053245373779E+002,-7.348464112789347E+000,-1.312053245373779E+002,-7.348464112789347E+000,-1.312053245373779E+002,-7.348464112789347E+000,-1.312053245373779E+002,
2.105000000000000E+009,-7.181426443369083E+000,-1.312161825982101E+002,-7.181426443369083E+000,-1.312161825982101E+002,-7.181426443369083E+000,-1.312161825982101E+002,-7.181426443369083E+000,-1.312161825982101E+002,
2.110000000000000E+009,-7.073759716209847E+000,-1.310519640312118E+002,-7.073759716209847E+000,-1.310519640312118E+002,-7.073759716209847E+000,-1.310519640312118E+002,-7.073759716209847E+000,-1.310519640312118E+002,
2.115000000000000E+009,-7.021339614097919E+000,-1.306612234142957E+002,-7.021339614097919E+000,-1.306612234142957E+002,-7.021339614097919E+000,-1.306612234142957E+002,-7.021339614097919E+000,-1.306612234142957E+002,
2.120000000000000E+009,-7.008880394754513E+000,-1.300638677759647E+002,-7.008880394754513E+000,-1.300638677759647E+002,-7.008880394754513E+000,-1.300638677759647E+002,-7.008880394754513E+000,-1.300638677759647E+002,
2.125000000000000E+009,-7.040431042827983E+000,-1.293296762348145E+002,-7.040431042827983E+000,-1.293296762348145E+002,-7.040431042827983E+000,-1.293296762348145E+002,-7.040431042827983E+000,-1.293296762348145E+002,
2.130000000000000E+009,-7.099709630741683E+000,-1.285091756572244E+002,-7.099709630741683E+000,-1.285091756572244E+002,-7.099709630741683E+000,-1.285091756572244E+002,-7.099709630741683E+000,-1.285091756572244E+002,
2.135000000000000E+009,-7.204624220200207E+000,-1.277336978281649E+002,-7.204624220200207E+000,-1.277336978281649E+002,-7.204624220200207E+000,-1.277336978281649E+002,-7.204624220200207E+000,-1.277336978281649E+002,
2.140000000000000E+009,-7.359304873348570E+000,-1.269470312222735E+002,-7.359304873348570E+000,-1.269470312222735E+002,-7.359304873348570E+000,-1.269470312222735E+002,-7.359304873348570E+000,-1.269470312222735E+002,
2.145000000000000E+009,-7.549003668121608E+000,-1.260799145132708E+002,-7.549003668121608E+000,-1.260799145132708E+002,-7.549003668121608E+000,-1.260799145132708E+002,-7.549003668121608E+000,-1.260799145132708E+002,
2.150000000000000E+009,-7.758218059171641E+000,-1.251756197935239E+002,-7.758218059171641E+000,-1.251756197935239E+002,-7.758218059171641E+000,-1.251756197935239E+002,-7.758218059171641E+000,-1.251756197935239E+002,
2.155000000000000E+009,-7.957580370769774E+000,-1.245284667949955E+002,-7.957580370769774E+000,-1.245284667949955E+002,-7.957580370769774E+000,-1.245284667949955E+002,-7.957580370769774E+000,-1.245284667949955E+002,
2.160000000000000E+009,-8.193105088071455E+000,-1.242423910062718E+002,-8.193105088071455E+000,-1.242423910062718E+002,-8.193105088071455E+000,-1.242423910062718E+002,-8.193105088071455E+000,-1.242423910062718E+002,
2.165000000000000E+009,-8.447095506712721E+000,-1.242952168149321E+002,-8.447095506712721E+000,-1.242952168149321E+002,-8.447095506712721E+000,-1.242952168149321E+002,-8.447095506712721E+000,-1.242952168149321E+002,
2.170000000000000E+009,-8.729709240463587E+000,-1.248561189132281E+002,-8.729709240463587E+000,-1.248561189132281E+002,-8.729709240463587E+000,-1.248561189132281E+002,-8.729709240463587E+000,-1.248561189132281E+002,
2.175000000000000E+009,-9.041112093572362E+000,-1.258752258419114E+002,-9.041112093572362E+000,-1.258752258419114E+002,-9.041112093572362E+000,-1.258752258419114E+002,-9.041112093572362E+000,-1.258752258419114E+002,
2.180000000000000E+009,-9.372697872652033E+000,-1.274031503721505E+002,-9.372697872652033E+000,-1.274031503721505E+002,-9.372697872652033E+000,-1.274031503721505E+002,-9.372697872652033E+000,-1.274031503721505E+002,
2.185000000000000E+009,-9.693245653223750E+000,-1.292949374985536E+002,-9.693245653223750E+000,-1.292949374985536E+002,-9.693245653223750E+000,-1.292949374985536E+002,-9.693245653223750E+000,-1.292949374985536E+002,
2.190000000000000E+009,-9.970903229131695E+000,-1.318854326778409E+002,-9.970903229131695E+000,-1.318854326778409E+002,-9.970903229131695E+000,-1.318854326778409E+002,-9.970903229131695E+000,-1.318854326778409E+002,
2.195000000000000E+009,-1.023161417342479E+001,-1.350376079562108E+002,-1.023161417342479E+001,-1.350376079562108E+002,-1.023161417342479E+001,-1.350376079562108E+002,-1.023161417342479E+001,-1.350376079562108E+002,
2.200000000000000E+009,-1.042568285875268E+001,-1.385091549693772E+002,-1.042568285875268E+001,-1.385091549693772E+002,-1.042568285875268E+001,-1.385091549693772E+002,-1.042568285875268E+001,-1.385091549693772E+002,
2.205000000000000E+009,-1.049362829057513E+001,-1.423634978906814E+002,-1.049362829057513E+001,-1.423634978906814E+002,-1.049362829057513E+001,-1.423634978906814E+002,-1.049362829057513E+001,-1.423634978906814E+002,
2.210000000000000E+009,-1.046453605956161E+001,-1.466456278384235E+002,-1.046453605956161E+001,-1.466456278384235E+002,-1.046453605956161E+001,-1.466456278384235E+002,-1.046453605956161E+001,-1.466456278384235E+002,
2.215000000000000E+009,-1.035317912243427E+001,-1.510073019827989E+002,-1.035317912243427E+001,-1.510073019827989E+002,-1.035317912243427E+001,-1.510073019827989E+002,-1.035317912243427E+001,-1.510073019827989E+002,
2.220000000000000E+009,-1.016556315277564E+001,-1.550958059690371E+002,-1.016556315277564E+001,-1.550958059690371E+002,-1.016556315277564E+001,-1.550958059690371E+002,-1.016556315277564E+001,-1.550958059690371E+002,
2.225000000000000E+009,-9.890065146585410E+000,-1.587495600598491E+002,-9.890065146585410E+000,-1.587495600598491E+002,-9.890065146585410E+000,-1.587495600598491E+002,-9.890065146585410E+000,-1.587495600598491E+002,
2.230000000000000E+009,-9.548720309102848E+000,-1.620468693068554E+002,-9.548720309102848E+000,-1.620468693068554E+002,-9.548720309102848E+000,-1.620468693068554E+002,-9.548720309102848E+000,-1.620468693068554E+002,
2.235000000000000E+009,-9.190419768723148E+000,-1.648506486266696E+002,-9.190419768723148E+000,-1.648506486266696E+002,-9.190419768723148E+000,-1.648506486266696E+002,-9.190419768723148E+000,-1.648506486266696E+002,
2.240000000000000E+009,-8.816027239262310E+000,-1.670750928185727E+002,-8.816027239262310E+000,-1.670750928185727E+002,-8.816027239262310E+000,-1.670750928185727E+002,-8.816027239262310E+000,-1.670750928185727E+002,
2.245000000000000E+009,-8.448921142125366E+000,-1.688889682596982E+002,-8.448921142125366E+000,-1.688889682596982E+002,-8.448921142125366E+000,-1.688889682596982E+002,-8.448921142125366E+000,-1.688889682596982E+002,
2.250000000000000E+009,-8.127492036281875E+000,-1.702412897968188E+002,-8.127492036281875E+000,-1.702412897968188E+002,-8.127492036281875E+000,-1.702412897968188E+002,-8.127492036281875E+000,-1.702412897968188E+002,
2.255000000000000E+009,-7.821136709203632E+000,-1.709651428238045E+002,-7.821136709203632E+000,-1.709651428238045E+002,-7.821136709203632E+000,-1.709651428238045E+002,-7.821136709203632E+000,-1.709651428238045E+002,
2.260000000000000E+009,-7.538944626197635E+000,-1.713420481189108E+002,-7.538944626197635E+000,-1.713420481189108E+002,-7.538944626197635E+000,-1.713420481189108E+002,-7.538944626197635E+000,-1.713420481189108E+002,
2.265000000000000E+009,-7.287019259972338E+000,-1.713381401366831E+002,-7.287019259972338E+000,-1.713381401366831E+002,-7.287019259972338E+000,-1.713381401366831E+002,-7.287019259972338E+000,-1.713381401366831E+002,
2.270000000000000E+009,-7.053820969983463E+000,-1.711906466397700E+002,-7.053820969983463E+000,-1.711906466397700E+002,-7.053820969983463E+000,-1.711906466397700E+002,-7.053820969983463E+000,-1.711906466397700E+002,
2.275000000000000E+009,-6.866482267225414E+000,-1.709757602649489E+002,-6.866482267225414E+000,-1.709757602649489E+002,-6.866482267225414E+000,-1.709757602649489E+002,-6.866482267225414E+000,-1.709757602649489E+002,
2.280000000000000E+009,-6.753035756827859E+000,-1.705645841431611E+002,-6.753035756827859E+000,-1.705645841431611E+002,-6.753035756827859E+000,-1.705645841431611E+002,-6.753035756827859E+000,-1.705645841431611E+002,
2.285000000000000E+009,-6.689625319662472E+000,-1.699046360919558E+002,-6.689625319662472E+000,-1.699046360919558E+002,-6.689625319662472E+000,-1.699046360919558E+002,-6.689625319662472E+000,-1.699046360919558E+002,
2.290000000000000E+009,-6.661855117893130E+000,-1.689846524634389E+002,-6.661855117893130E+000,-1.689846524634389E+002,-6.661855117893130E+000,-1.689846524634389E+002,-6.661855117893130E+000,-1.689846524634389E+002,
2.295000000000000E+009,-6.664459898074227E+000,-1.679712611495081E+002,-6.664459898074227E+000,-1.679712611495081E+002,-6.664459898074227E+000,-1.679712611495081E+002,-6.664459898074227E+000,-1.679712611495081E+002,
2.300000000000000E+009,-6.677235983026563E+000,-1.668567973094229E+002,-6.677235983026563E+000,-1.668567973094229E+002,-6.677235983026563E+000,-1.668567973094229E+002,-6.677235983026563E+000,-1.668567973094229E+002,
2.305000000000000E+009,-6.704259345385410E+000,-1.659371026399612E+002,-6.704259345385410E+000,-1.659371026399612E+002,-6.704259345385410E+000,-1.659371026399612E+002,-6.704259345385410E+000,-1.659371026399612E+002,
2.310000000000000E+009,-6.776818790940355E+000,-1.653072544093100E+002,-6.776818790940355E+000,-1.653072544093100E+002,-6.776818790940355E+000,-1.653072544093100E+002,-6.776818790940355E+000,-1.653072544093100E+002,
2.315000000000000E+009,-6.926239682110198E+000,-1.648913929246776E+002,-6.926239682110198E+000,-1.648913929246776E+002,-6.926239682110198E+000,-1.648913929246776E+002,-6.926239682110198E+000,-1.648913929246776E+002,
2.320000000000000E+009,-7.142923158232848E+000,-1.643857871645259E+002,-7.142923158232848E+000,-1.643857871645259E+002,-7.142923158232848E+000,-1.643857871645259E+002,-7.142923158232848E+000,-1.643857871645259E+002,
2.325000000000000E+009,-7.368922193328176E+000,-1.639583852764402E+002,-7.368922193328176E+000,-1.639583852764402E+002,-7.368922193328176E+000,-1.639583852764402E+002,-7.368922193328176E+000,-1.639583852764402E+002,
2.330000000000000E+009,-7.611035531780586E+000,-1.638839080757416E+002,-7.611035531780586E+000,-1.638839080757416E+002,-7.611035531780586E+000,-1.638839080757416E+002,-7.611035531780586E+000,-1.638839080757416E+002,
2.335000000000000E+009,-7.887290281940975E+000,-1.642027972740558E+002,-7.887290281940975E+000,-1.642027972740558E+002,-7.887290281940975E+000,-1.642027972740558E+002,-7.887290281940975E+000,-1.642027972740558E+002,
2.340000000000000E+009,-8.193820910868690E+000,-1.650528848729631E+002,-8.193820910868690E+000,-1.650528848729631E+002,-8.193820910868690E+000,-1.650528848729631E+002,-8.193820910868690E+000,-1.650528848729631E+002,
2.345000000000000E+009,-8.545540089932862E+000,-1.665384771935677E+002,-8.545540089932862E+000,-1.665384771935677E+002,-8.545540089932862E+000,-1.665384771935677E+002,-8.545540089932862E+000,-1.665384771935677E+002,
2.350000000000000E+009,-8.975467397450929E+000,-1.685594403210697E+002,-8.975467397450929E+000,-1.685594403210697E+002,-8.975467397450929E+000,-1.685594403210697E+002,-8.975467397450929E+000,-1.685594403210697E+002,
2.355000000000000E+009,-9.443208693444053E+000,-1.706904867331930E+002,-9.443208693444053E+000,-1.706904867331930E+002,-9.443208693444053E+000,-1.706904867331930E+002,-9.443208693444053E+000,-1.706904867331930E+002,
2.360000000000000E+009,-9.858606825708588E+000,-1.731950559289715E+002,-9.858606825708588E+000,-1.731950559289715E+002,-9.858606825708588E+000,-1.731950559289715E+002,-9.858606825708588E+000,-1.731950559289715E+002,
2.365000000000000E+009,-1.021391514142973E+001,-1.763164132053151E+002,-1.021391514142973E+001,-1.763164132053151E+002,-1.021391514142973E+001,-1.763164132053151E+002,-1.021391514142973E+001,-1.763164132053151E+002,
2.370000000000000E+009,-1.049418168463346E+001,1.799312537396172E+002,-1.049418168463346E+001,1.799312537396172E+002,-1.049418168463346E+001,1.799312537396172E+002,-1.049418168463346E+001,1.799312537396172E+002,
2.375000000000000E+009,-1.070418750700828E+001,1.756176014249841E+002,-1.070418750700828E+001,1.756176014249841E+002,-1.070418750700828E+001,1.756176014249841E+002,-1.070418750700828E+001,1.756176014249841E+002,
2.380000000000000E+009,-1.083228353095585E+001,1.707919203093484E+002,-1.083228353095585E+001,1.707919203093484E+002,-1.083228353095585E+001,1.707919203093484E+002,-1.083228353095585E+001,1.707919203093484E+002,
2.385000000000000E+009,-1.093965172637998E+001,1.659324540748364E+002,-1.093965172637998E+001,1.659324540748364E+002,-1.093965172637998E+001,1.659324540748364E+002,-1.093965172637998E+001,1.659324540748364E+002,
2.390000000000000E+009,-1.098453008958384E+001,1.618601779474849E+002,-1.098453008958384E+001,1.618601779474849E+002,-1.098453008958384E+001,1.618601779474849E+002,-1.098453008958384E+001,1.618601779474849E+002,
2.395000000000000E+009,-1.089186880594860E+001,1.585988663130025E+002,-1.089186880594860E+001,1.585988663130025E+002,-1.089186880594860E+001,1.585988663130025E+002,-1.089186880594860E+001,1.585988663130025E+002,
2.400000000000000E+009,-1.067240852731962E+001,1.557912721977722E+002,-1.067240852731962E+001,1.557912721977722E+002,-1.067240852731962E+001,1.557912721977722E+002,-1.067240852731962E+001,1.557912721977722E+002,
2.405000000000000E+009,-1.040058130210648E+001,1.532452899918140E+002,-1.040058130210648E+001,1.532452899918140E+002,-1.040058130210648E+001,1.532452899918140E+002,-1.040058130210648E+001,1.532452899918140E+002,
2.410000000000000E+009,-1.015619526302163E+001,1.511582355874230E+002,-1.015619526302163E+001,1.511582355874230E+002,-1.015619526302163E+001,1.511582355874230E+002,-1.015619526302163E+001,1.511582355874230E+002,
2.415000000000000E+009,-9.941261057083230E+000,1.497285446355685E+002,-9.941261057083230E+000,1.497285446355685E+002,-9.941261057083230E+000,1.497285446355685E+002,-9.941261057083230E+000,1.497285446355685E+002,
2.420000000000000E+009,-9.760690915339978E+000,1.490346466548812E+002,-9.760690915339978E+000,1.490346466548812E+002,-9.760690915339978E+000,1.490346466548812E+002,-9.760690915339978E+000,1.490346466548812E+002,
2.425000000000000E+009,-9.622767988445848E+000,1.490812225828314E+002,-9.622767988445848E+000,1.490812225828314E+002,-9.622767988445848E+000,1.490812225828314E+002,-9.622767988445848E+000,1.490812225828314E+002,
2.430000000000000E+009,-9.494705248111924E+000,1.498798451052559E+002,-9.494705248111924E+000,1.498798451052559E+002,-9.494705248111924E+000,1.498798451052559E+002,-9.494705248111924E+000,1.498798451052559E+002,
2.435000000000000E+009,-9.336518778995886E+000,1.511724540475796E+002,-9.336518778995886E+000,1.511724540475796E+002,-9.336518778995886E+000,1.511724540475796E+002,-9.336518778995886E+000,1.511724540475796E+002,
2.440000000000000E+009,-9.194748559136341E+000,1.524325922876866E+002,-9.194748559136341E+000,1.524325922876866E+002,-9.194748559136341E+000,1.524325922876866E+002,-9.194748559136341E+000,1.524325922876866E+002,
2.445000000000000E+009,-9.134778241046920E+000,1.538927931714621E+002,-9.134778241046920E+000,1.538927931714621E+002,-9.134778241046920E+000,1.538927931714621E+002,-9.134778241046920E+000,1.538927931714621E+002,
2.450000000000000E+009,-9.125370335127217E+000,1.558196102411224E+002,-9.125370335127217E+000,1.558196102411224E+002,-9.125370335127217E+000,1.558196102411224E+002,-9.125370335127217E+000,1.558196102411224E+002,
2.455000000000000E+009,-9.152751603845701E+000,1.579955279055303E+002,-9.152751603845701E+000,1.579955279055303E+002,-9.152751603845701E+000,1.579955279055303E+002,-9.152751603845701E+000,1.579955279055303E+002,
2.460000000000000E+009,-9.240399429959638E+000,1.605345732902051E+002,-9.240399429959638E+000,1.605345732902051E+002,-9.240399429959638E+000,1.605345732902051E+002,-9.240399429959638E+000,1.605345732902051E+002,
2.465000000000000E+009,-9.329151521316449E+000,1.637172899309486E+002,-9.329151521316449E+000,1.637172899309486E+002,-9.329151521316449E+000,1.637172899309486E+002,-9.329151521316449E+000,1.637172899309486E+002,
2.470000000000000E+009,-9.370982119097096E+000,1.669383122767390E+002,-9.370982119097096E+000,1.669383122767390E+002,-9.370982119097096E+000,1.669383122767390E+002,-9.370982119097096E+000,1.669383122767390E+002,
2.475000000000000E+009,-9.424170336352518E+000,1.698148418380041E+002,-9.424170336352518E+000,1.698148418380041E+002,-9.424170336352518E+000,1.698148418380041E+002,-9.424170336352518E+000,1.698148418380041E+002,
2.480000000000000E+009,-9.551323619489478E+000,1.726507839234021E+002,-9.551323619489478E+000,1.726507839234021E+002,-9.551323619489478E+000,1.726507839234021E+002,-9.551323619489478E+000,1.726507839234021E+002,
2.485000000000000E+009,-9.715319758759968E+000,1.755235679796470E+002,-9.715319758759968E+000,1.755235679796470E+002,-9.715319758759968E+000,1.755235679796470E+002,-9.715319758759968E+000,1.755235679796470E+002,
2.490000000000000E+009,-9.944120375046845E+000,1.785067442108014E+002,-9.944120375046845E+000,1.785067442108014E+002,-9.944120375046845E+000,1.785067442108014E+002,-9.944120375046845E+000,1.785067442108014E+002,
2.495000000000000E+009,-1.018827333403424E+001,-1.782676527746358E+002,-1.018827333403424E+001,-1.782676527746358E+002,-1.018827333403424E+001,-1.782676527746358E+002,-1.018827333403424E+001,-1.782676527746358E+002,
2.500000000000000E+009,-1.039924269088707E+001,-1.750853505891419E+002,-1.039924269088707E+001,-1.750853505891419E+002,-1.039924269088707E+001,-1.750853505891419E+002,-1.039924269088707E+001,-1.750853505891419E+002,
2.505000000000000E+009,-1.062425983232223E+001,-1.725577683419651E+002,-1.062425983232223E+001,-1.725577683419651E+002,-1.062425983232223E+001,-1.725577683419651E+002,-1.062425983232223E+001,-1.725577683419651E+002,
2.510000000000000E+009,-1.094732342514823E+001,-1.705046444904550E+002,-1.094732342514823E+001,-1.705046444904550E+002,-1.094732342514823E+001,-1.705046444904550E+002,-1.094732342514823E+001,-1.705046444904550E+002,
2.515000000000000E+009,-1.137888164004855E+001,-1.685736306409011E+002,-1.137888164004855E+001,-1.685736306409011E+002,-1.137888164004855E+001,-1.685736306409011E+002,-1.137888164004855E+001,-1.685736306409011E+002,
2.520000000000000E+009,-1.189342831541590E+001,-1.665794770351617E+002,-1.189342831541590E+001,-1.665794770351617E+002,-1.189342831541590E+001,-1.665794770351617E+002,-1.189342831541590E+001,-1.665794770351617E+002,
2.525000000000000E+009,-1.245256512504505E+001,-1.643380958006071E+002,-1.245256512504505E+001,-1.643380958006071E+002,-1.245256512504505E+001,-1.643380958006071E+002,-1.245256512504505E+001,-1.643380958006071E+002,
2.530000000000000E+009,-1.297945155363556E+001,-1.621609176513909E+002,-1.297945155363556E+001,-1.621609176513909E+002,-1.297945155363556E+001,-1.621609176513909E+002,-1.297945155363556E+001,-1.621609176513909E+002,
2.535000000000000E+009,-1.345443918725876E+001,-1.605844657340415E+002,-1.345443918725876E+001,-1.605844657340415E+002,-1.345443918725876E+001,-1.605844657340415E+002,-1.345443918725876E+001,-1.605844657340415E+002,
2.540000000000000E+009,-1.394553574627748E+001,-1.604256123768230E+002,-1.394553574627748E+001,-1.604256123768230E+002,-1.394553574627748E+001,-1.604256123768230E+002,-1.394553574627748E+001,-1.604256123768230E+002,
2.545000000000000E+009,-1.456329011817250E+001,-1.610701216890313E+002,-1.456329011817250E+001,-1.610701216890313E+002,-1.456329011817250E+001,-1.610701216890313E+002,-1.456329011817250E+001,-1.610701216890313E+002,
2.550000000000000E+009,-1.522999636323377E+001,-1.620582514587329E+002,-1.522999636323377E+001,-1.620582514587329E+002,-1.522999636323377E+001,-1.620582514587329E+002,-1.522999636323377E+001,-1.620582514587329E+002,
2.555000000000000E+009,-1.583696806954709E+001,-1.633916439552294E+002,-1.583696806954709E+001,-1.633916439552294E+002,-1.583696806954709E+001,-1.633916439552294E+002,-1.583696806954709E+001,-1.633916439552294E+002,
2.560000000000000E+009,-1.626123435506363E+001,-1.654592645838860E+002,-1.626123435506363E+001,-1.654592645838860E+002,-1.626123435506363E+001,-1.654592645838860E+002,-1.626123435506363E+001,-1.654592645838860E+002,
2.565000000000000E+009,-1.647575157656222E+001,-1.688036279226504E+002,-1.647575157656222E+001,-1.688036279226504E+002,-1.647575157656222E+001,-1.688036279226504E+002,-1.647575157656222E+001,-1.688036279226504E+002,
2.570000000000000E+009,-1.651869359983375E+001,-1.737146354423471E+002,-1.651869359983375E+001,-1.737146354423471E+002,-1.651869359983375E+001,-1.737146354423471E+002,-1.651869359983375E+001,-1.737146354423471E+002,
2.575000000000000E+009,-1.649319129056679E+001,-1.791628520033336E+002,-1.649319129056679E+001,-1.791628520033336E+002,-1.649319129056679E+001,-1.791628520033336E+002,-1.649319129056679E+001,-1.791628520033336E+002,
2.580000000000000E+009,-1.635883151741378E+001,1.761680920679590E+002,-1.635883151741378E+001,1.761680920679590E+002,-1.635883151741378E+001,1.761680920679590E+002,-1.635883151741378E+001,1.761680920679590E+002,
2.585000000000000E+009,-1.607608772058017E+001,1.727448263298053E+002,-1.607608772058017E+001,1.727448263298053E+002,-1.607608772058017E+001,1.727448263298053E+002,-1.607608772058017E+001,1.727448263298053E+002,
2.590000000000000E+009,-1.560786554037298E+001,1.708561518640407E+002,-1.560786554037298E+001,1.708561518640407E+002,-1.560786554037298E+001,1.708561518640407E+002,-1.560786554037298E+001,1.708561518640407E+002,
2.595000000000000E+009,-1.495763684459914E+001,1.698281153248261E+002,-1.495763684459914E+001,1.698281153248261E+002,-1.495763684459914E+001,1.698281153248261E+002,-1.495763684459914E+001,1.698281153248261E+002,
2.600000000000000E+009,-1.423453922504764E+001,1.693485974550498E+002,-1.423453922504764E+001,1.693485974550498E+002,-1.423453922504764E+001,1.693485974550498E+002,-1.423453922504764E+001,1.693485974550498E+002,
2.605000000000000E+009,-1.350161264555717E+001,1.693399810715410E+002,-1.350161264555717E+001,1.693399810715410E+002,-1.350161264555717E+001,1.693399810715410E+002,-1.350161264555717E+001,1.693399810715410E+002,
2.610000000000000E+009,-1.280101593544597E+001,1.698015132340419E+002,-1.280101593544597E+001,1.698015132340419E+002,-1.280101593544597E+001,1.698015132340419E+002,-1.280101593544597E+001,1.698015132340419E+002,
2.615000000000000E+009,-1.213807347674401E+001,1.708326423318565E+002,-1.213807347674401E+001,1.708326423318565E+002,-1.213807347674401E+001,1.708326423318565E+002,-1.213807347674401E+001,1.708326423318565E+002,
2.620000000000000E+009,-1.151559743503895E+001,1.721134128669356E+002,-1.151559743503895E+001,1.721134128669356E+002,-1.151559743503895E+001,1.721134128669356E+002,-1.151559743503895E+001,1.721134128669356E+002,
2.625000000000000E+009,-1.096840146296108E+001,1.737518090772885E+002,-1.096840146296108E+001,1.737518090772885E+002,-1.096840146296108E+001,1.737518090772885E+002,-1.096840146296108E+001,1.737518090772885E+002,
2.630000000000000E+009,-1.044214447525113E+001,1.758866284602783E+002,-1.044214447525113E+001,1.758866284602783E+002,-1.044214447525113E+001,1.758866284602783E+002,-1.044214447525113E+001,1.758866284602783E+002,
2.635000000000000E+009,-9.922409615730233E+000,1.780900956334213E+002,-9.922409615730233E+000,1.780900956334213E+002,-9.922409615730233E+000,1.780900956334213E+002,-9.922409615730233E+000,1.780900956334213E+002,
2.640000000000000E+009,-9.460956374539174E+000,-1.798080235981547E+002,-9.460956374539174E+000,-1.798080235981547E+002,-9.460956374539174E+000,-1.798080235981547E+002,-9.460956374539174E+000,-1.798080235981547E+002,
2.645000000000000E+009,-9.051502871947237E+000,-1.775861342958882E+002,-9.051502871947237E+000,-1.775861342958882E+002,-9.051502871947237E+000,-1.775861342958882E+002,-9.051502871947237E+000,-1.775861342958882E+002,
2.650000000000000E+009,-8.686609317482949E+000,-1.753312423604874E+002,-8.686609317482949E+000,-1.753312423604874E+002,-8.686609317482949E+000,-1.753312423604874E+002,-8.686609317482949E+000,-1.753312423604874E+002,
2.655000000000000E+009,-8.382725209707616E+000,-1.730844473926343E+002,-8.382725209707616E+000,-1.730844473926343E+002,-8.382725209707616E+000,-1.730844473926343E+002,-8.382725209707616E+000,-1.730844473926343E+002,
2.660000000000000E+009,-8.121201711252494E+000,-1.706219388091383E+002,-8.121201711252494E+000,-1.706219388091383E+002,-8.121201711252494E+000,-1.706219388091383E+002,-8.121201711252494E+000,-1.706219388091383E+002,
2.665000000000000E+009,-7.855291715673523E+000,-1.682035999748632E+002,-7.855291715673523E+000,-1.682035999748632E+002,-7.855291715673523E+000,-1.682035999748632E+002,-7.855291715673523E+000,-1.682035999748632E+002,
2.670000000000000E+009,-7.634826350745464E+000,-1.661354183238136E+002,-7.634826350745464E+000,-1.661354183238136E+002,-7.634826350745464E+000,-1.661354183238136E+002,-7.634826350745464E+000,-1.661354183238136E+002,
2.675000000000000E+009,-7.477465681078530E+000,-1.641293285808933E+002,-7.477465681078530E+000,-1.641293285808933E+002,-7.477465681078530E+000,-1.641293285808933E+002,-7.477465681078530E+000,-1.641293285808933E+002,
2.680000000000000E+009,-7.363807045012381E+000,-1.622528682617364E+002,-7.363807045012381E+000,-1.622528682617364E+002,-7.363807045012381E+000,-1.622528682617364E+002,-7.363807045012381E+000,-1.622528682617364E+002,
2.685000000000000E+009,-7.301889031580312E+000,-1.604886922916609E+002,-7.301889031580312E+000,-1.604886922916609E+002,-7.301889031580312E+000,-1.604886922916609E+002,-7.301889031580312E+000,-1.604886922916609E+002,
2.690000000000000E+009,-7.293931477077013E+000,-1.588117341423626E+002,-7.293931477077013E+000,-1.588117341423626E+002,-7.293931477077013E+000,-1.588117341423626E+002,-7.293931477077013E+000,-1.588117341423626E+002,
2.695000000000000E+009,-7.322154260378771E+000,-1.571304294959469E+002,-7.322154260378771E+000,-1.571304294959469E+002,-7.322154260378771E+000,-1.571304294959469E+002,-7.322154260378771E+000,-1.571304294959469E+002,
2.700000000000000E+009,-7.355727917565455E+000,-1.556802435739941E+002,-7.355727917565455E+000,-1.556802435739941E+002,-7.355727917565455E+000,-1.556802435739941E+002,-7.355727917565455E+000,-1.556802435739941E+002,
2.705000000000000E+009,-7.426895850715052E+000,-1.546051731658965E+002,-7.426895850715052E+000,-1.546051731658965E+002,-7.426895850715052E+000,-1.546051731658965E+002,-7.426895850715052E+000,-1.546051731658965E+002,
2.710000000000000E+009,-7.536747365004979E+000,-1.538340436309091E+002,-7.536747365004979E+000,-1.538340436309091E+002,-7.536747365004979E+000,-1.538340436309091E+002,-7.536747365004979E+000,-1.538340436309091E+002,
2.715000000000000E+009,-7.681856992887685E+000,-1.534871051202352E+002,-7.681856992887685E+000,-1.534871051202352E+002,-7.681856992887685E+000,-1.534871051202352E+002,-7.681856992887685E+000,-1.534871051202352E+002,
2.720000000000000E+009,-7.876599077649934E+000,-1.535252665702714E+002,-7.876599077649934E+000,-1.535252665702714E+002,-7.876599077649934E+000,-1.535252665702714E+002,-7.876599077649934E+000,-1.535252665702714E+002,
2.725000000000000E+009,-8.117814763945615E+000,-1.538951643017281E+002,-8.117814763945615E+000,-1.538951643017281E+002,-8.117814763945615E+000,-1.538951643017281E+002,-8.117814763945615E+000,-1.538951643017281E+002,
2.730000000000000E+009,-8.374456423207764E+000,-1.544224788973306E+002,-8.374456423207764E+000,-1.544224788973306E+002,-8.374456423207764E+000,-1.544224788973306E+002,-8.374456423207764E+000,-1.544224788973306E+002,
2.735000000000000E+009,-8.578543436915249E+000,-1.554198628308448E+002,-8.578543436915249E+000,-1.554198628308448E+002,-8.578543436915249E+000,-1.554198628308448E+002,-8.578543436915249E+000,-1.554198628308448E+002,
2.740000000000000E+009,-8.752039265879745E+000,-1.572619174794567E+002,-8.752039265879745E+000,-1.572619174794567E+002,-8.752039265879745E+000,-1.572619174794567E+002,-8.752039265879745E+000,-1.572619174794567E+002,
2.745000000000000E+009,-8.933147685310319E+000,-1.599352338986626E+002,-8.933147685310319E+000,-1.599352338986626E+002,-8.933147685310319E+000,-1.599352338986626E+002,-8.933147685310319E+000,-1.599352338986626E+002,
2.750000000000000E+009,-9.117653913712356E+000,-1.629949626607433E+002,-9.117653913712356E+000,-1.629949626607433E+002,-9.117653913712356E+000,-1.629949626607433E+002,-9.117653913712356E+000,-1.629949626607433E+002,
2.755000000000000E+009,-9.246811677440475E+000,-1.662919062763665E+002,-9.246811677440475E+000,-1.662919062763665E+002,-9.246811677440475E+000,-1.662919062763665E+002,-9.246811677440475E+000,-1.662919062763665E+002,
2.760000000000000E+009,-9.300878952317238E+000,-1.697531312001790E+002,-9.300878952317238E+000,-1.697531312001790E+002,-9.300878952317238E+000,-1.697531312001790E+002,-9.300878952317238E+000,-1.697531312001790E+002,
2.765000000000000E+009,-9.249496378678680E+000,-1.731455810512855E+002,-9.249496378678680E+000,-1.731455810512855E+002,-9.249496378678680E+000,-1.731455810512855E+002,-9.249496378678680E+000,-1.731455810512855E+002,
2.770000000000000E+009,-9.072504294579469E+000,-1.764656988735290E+002,-9.072504294579469E+000,-1.764656988735290E+002,-9.072504294579469E+000,-1.764656988735290E+002,-9.072504294579469E+000,-1.764656988735290E+002,
2.775000000000000E+009,-8.794295927219237E+000,-1.798113338418638E+002,-8.794295927219237E+000,-1.798113338418638E+002,-8.794295927219237E+000,-1.798113338418638E+002,-8.794295927219237E+000,-1.798113338418638E+002,
2.780000000000000E+009,-8.483792001183241E+000,1.769055903834279E+002,-8.483792001183241E+000,1.769055903834279E+002,-8.483792001183241E+000,1.769055903834279E+002,-8.483792001183241E+000,1.769055903834279E+002,
2.785000000000000E+009,-8.179635061015121E+000,1.742111655387930E+002,-8.179635061015121E+000,1.742111655387930E+002,-8.179635061015121E+000,1.742111655387930E+002,-8.179635061015121E+000,1.742111655387930E+002,
2.790000000000000E+009,-7.856178186964713E+000,1.722892717025525E+002,-7.856178186964713E+000,1.722892717025525E+002,-7.856178186964713E+000,1.722892717025525E+002,-7.856178186964713E+000,1.722892717025525E+002,
2.795000000000000E+009,-7.499605109961373E+000,1.709507047830783E+002,-7.499605109961373E+000,1.709507047830783E+002,-7.499605109961373E+000,1.709507047830783E+002,-7.499605109961373E+000,1.709507047830783E+002,
2.800000000000000E+009,-7.136881846833986E+000,1.700977458743561E+002,-7.136881846833986E+000,1.700977458743561E+002,-7.136881846833986E+000,1.700977458743561E+002,-7.136881846833986E+000,1.700977458743561E+002,
2.805000000000000E+009,-6.774422857977192E+000,1.696949143300519E+002,-6.774422857977192E+000,1.696949143300519E+002,-6.774422857977192E+000,1.696949143300519E+002,-6.774422857977192E+000,1.696949143300519E+002,
2.810000000000000E+009,-6.419002559466646E+000,1.696343118551529E+002,-6.419002559466646E+000,1.696343118551529E+002,-6.419002559466646E+000,1.696343118551529E+002,-6.419002559466646E+000,1.696343118551529E+002,
2.815000000000000E+009,-6.088551016084201E+000,1.697261573897325E+002,-6.088551016084201E+000,1.697261573897325E+002,-6.088551016084201E+000,1.697261573897325E+002,-6.088551016084201E+000,1.697261573897325E+002,
2.820000000000000E+009,-5.808820038011935E+000,1.700716488133981E+002,-5.808820038011935E+000,1.700716488133981E+002,-5.808820038011935E+000,1.700716488133981E+002,-5.808820038011935E+000,1.700716488133981E+002,
2.825000000000000E+009,-5.567864737472290E+000,1.707483545025630E+002,-5.567864737472290E+000,1.707483545025630E+002,-5.567864737472290E+000,1.707483545025630E+002,-5.567864737472290E+000,1.707483545025630E+002,
2.830000000000000E+009,-5.344540109476935E+000,1.716785734833778E+002,-5.344540109476935E+000,1.716785734833778E+002,-5.344540109476935E+000,1.716785734833778E+002,-5.344540109476935E+000,1.716785734833778E+002,
2.835000000000000E+009,-5.149858356674171E+000,1.726648082739170E+002,-5.149858356674171E+000,1.726648082739170E+002,-5.149858356674171E+000,1.726648082739170E+002,-5.149858356674171E+000,1.726648082739170E+002,
2.840000000000000E+009,-4.998438049459423E+000,1.737706751343945E+002,-4.998438049459423E+000,1.737706751343945E+002,-4.998438049459423E+000,1.737706751343945E+002,-4.998438049459423E+000,1.737706751343945E+002,
2.845000000000000E+009,-4.868923427119926E+000,1.749222565674099E+002,-4.868923427119926E+000,1.749222565674099E+002,-4.868923427119926E+000,1.749222565674099E+002,-4.868923427119926E+000,1.749222565674099E+002,
2.850000000000000E+009,-4.782096115016829E+000,1.759951828426157E+002,-4.782096115016829E+000,1.759951828426157E+002,-4.782096115016829E+000,1.759951828426157E+002,-4.782096115016829E+000,1.759951828426157E+002,
2.855000000000000E+009,-4.751818134510340E+000,1.771059390649822E+002,-4.751818134510340E+000,1.771059390649822E+002,-4.751818134510340E+000,1.771059390649822E+002,-4.751818134510340E+000,1.771059390649822E+002,
2.860000000000000E+009,-4.765113070970168E+000,1.783749261848222E+002,-4.765113070970168E+000,1.783749261848222E+002,-4.765113070970168E+000,1.783749261848222E+002,-4.765113070970168E+000,1.783749261848222E+002,
2.865000000000000E+009,-4.789433023692381E+000,1.797117069487750E+002,-4.789433023692381E+000,1.797117069487750E+002,-4.789433023692381E+000,1.797117069487750E+002,-4.789433023692381E+000,1.797117069487750E+002,
2.870000000000000E+009,-4.820908740809593E+000,-1.790980878525254E+002,-4.820908740809593E+000,-1.790980878525254E+002,-4.820908740809593E+000,-1.790980878525254E+002,-4.820908740809593E+000,-1.790980878525254E+002,
2.875000000000000E+009,-4.873905741702905E+000,-1.781215484189288E+002,-4.873905741702905E+000,-1.781215484189288E+002,-4.873905741702905E+000,-1.781215484189288E+002,-4.873905741702905E+000,-1.781215484189288E+002,
2.880000000000000E+009,-4.953273739911349E+000,-1.774609487168869E+002,-4.953273739911349E+000,-1.774609487168869E+002,-4.953273739911349E+000,-1.774609487168869E+002,-4.953273739911349E+000,-1.774609487168869E+002,
2.885000000000000E+009,-5.083260556834780E+000,-1.771341078232159E+002,-5.083260556834780E+000,-1.771341078232159E+002,-5.083260556834780E+000,-1.771341078232159E+002,-5.083260556834780E+000,-1.771341078232159E+002,
2.890000000000000E+009,-5.261292432443458E+000,-1.769887001043039E+002,-5.261292432443458E+000,-1.769887001043039E+002,-5.261292432443458E+000,-1.769887001043039E+002,-5.261292432443458E+000,-1.769887001043039E+002,
2.895000000000000E+009,-5.464858137454201E+000,-1.770280944825161E+002,-5.464858137454201E+000,-1.770280944825161E+002,-5.464858137454201E+000,-1.770280944825161E+002,-5.464858137454201E+000,-1.770280944825161E+002,
2.900000000000000E+009,-5.678437113297036E+000,-1.773119466307768E+002,-5.678437113297036E+000,-1.773119466307768E+002,-5.678437113297036E+000,-1.773119466307768E+002,-5.678437113297036E+000,-1.773119466307768E+002,
2.905000000000000E+009,-5.884065530170719E+000,-1.780296713673003E+002,-5.884065530170719E+000,-1.780296713673003E+002,-5.884065530170719E+000,-1.780296713673003E+002,-5.884065530170719E+000,-1.780296713673003E+002,
2.910000000000000E+009,-6.084624688603466E+000,-1.793338151578803E+002,-6.084624688603466E+000,-1.793338151578803E+002,-6.084624688603466E+000,-1.793338151578803E+002,-6.084624688603466E+000,-1.793338151578803E+002,
2.915000000000000E+009,-6.299137259190853E+000,1.787446742551863E+002,-6.299137259190853E+000,1.787446742551863E+002,-6.299137259190853E+000,1.787446742551863E+002,-6.299137259190853E+000,1.787446742551863E+002,
2.920000000000000E+009,-6.525367142065810E+000,1.764253569004081E+002,-6.525367142065810E+000,1.764253569004081E+002,-6.525367142065810E+000,1.764253569004081E+002,-6.525367142065810E+000,1.764253569004081E+002,
2.925000000000000E+009,-6.715055326182406E+000,1.737363256119498E+002,-6.715055326182406E+000,1.737363256119498E+002,-6.715055326182406E+000,1.737363256119498E+002,-6.715055326182406E+000,1.737363256119498E+002,
2.930000000000000E+009,-6.873240899742283E+000,1.705996697773186E+002,-6.873240899742283E+000,1.705996697773186E+002,-6.873240899742283E+000,1.705996697773186E+002,-6.873240899742283E+000,1.705996697773186E+002,
2.935000000000000E+009,-6.970333501660673E+000,1.672933536328596E+002,-6.970333501660673E+000,1.672933536328596E+002,-6.970333501660673E+000,1.672933536328596E+002,-6.970333501660673E+000,1.672933536328596E+002,
2.940000000000000E+009,-6.980384710575037E+000,1.637922910338172E+002,-6.980384710575037E+000,1.637922910338172E+002,-6.980384710575037E+000,1.637922910338172E+002,-6.980384710575037E+000,1.637922910338172E+002,
2.945000000000000E+009,-6.905236559035255E+000,1.600382978646680E+002,-6.905236559035255E+000,1.600382978646680E+002,-6.905236559035255E+000,1.600382978646680E+002,-6.905236559035255E+000,1.600382978646680E+002,
2.950000000000000E+009,-6.795418118687201E+000,1.562391857778115E+002,-6.795418118687201E+000,1.562391857778115E+002,-6.795418118687201E+000,1.562391857778115E+002,-6.795418118687201E+000,1.562391857778115E+002,
