% Version 1.00
%
%freq[Hz],db:Trc1_S11,ang:Trc1_S11,db:Trc2_S11,ang:Trc2_S11,db:Trc3_S11,ang:Trc3_S11,db:Trc4_S11,ang:Trc4_S11,
1.950000000000000E+009,-9.418394829077801E+000,6.643338393138374E+001,-9.418394829077801E+000,6.643338393138374E+001,-9.418394829077801E+000,6.643338393138374E+001,-9.418394829077801E+000,6.643338393138374E+001,
1.955000000000000E+009,-9.239405303658248E+000,6.016505486901431E+001,-9.239405303658248E+000,6.016505486901431E+001,-9.239405303658248E+000,6.016505486901431E+001,-9.239405303658248E+000,6.016505486901431E+001,
1.960000000000000E+009,-8.998273003939639E+000,5.439041935806947E+001,-8.998273003939639E+000,5.439041935806947E+001,-8.998273003939639E+000,5.439041935806947E+001,-8.998273003939639E+000,5.439041935806947E+001,
1.965000000000000E+009,-8.723993059646709E+000,4.919753849341903E+001,-8.723993059646709E+000,4.919753849341903E+001,-8.723993059646709E+000,4.919753849341903E+001,-8.723993059646709E+000,4.919753849341903E+001,
1.970000000000000E+009,-8.447661369692872E+000,4.473345681163482E+001,-8.447661369692872E+000,4.473345681163482E+001,-8.447661369692872E+000,4.473345681163482E+001,-8.447661369692872E+000,4.473345681163482E+001,
1.975000000000000E+009,-8.177385277300591E+000,4.092422739138143E+001,-8.177385277300591E+000,4.092422739138143E+001,-8.177385277300591E+000,4.092422739138143E+001,-8.177385277300591E+000,4.092422739138143E+001,
1.980000000000000E+009,-7.934648212655382E+000,3.785388685422494E+001,-7.934648212655382E+000,3.785388685422494E+001,-7.934648212655382E+000,3.785388685422494E+001,-7.934648212655382E+000,3.785388685422494E+001,
1.985000000000000E+009,-7.725004242767388E+000,3.539319722205593E+001,-7.725004242767388E+000,3.539319722205593E+001,-7.725004242767388E+000,3.539319722205593E+001,-7.725004242767388E+000,3.539319722205593E+001,
1.990000000000000E+009,-7.545735126977538E+000,3.350432956095726E+001,-7.545735126977538E+000,3.350432956095726E+001,-7.545735126977538E+000,3.350432956095726E+001,-7.545735126977538E+000,3.350432956095726E+001,
1.995000000000000E+009,-7.406216733280381E+000,3.206837345123316E+001,-7.406216733280381E+000,3.206837345123316E+001,-7.406216733280381E+000,3.206837345123316E+001,-7.406216733280381E+000,3.206837345123316E+001,
2.000000000000000E+009,-7.307580726511886E+000,3.100898497073207E+001,-7.307580726511886E+000,3.100898497073207E+001,-7.307580726511886E+000,3.100898497073207E+001,-7.307580726511886E+000,3.100898497073207E+001,
2.005000000000000E+009,-7.254678401235259E+000,3.028561800299466E+001,-7.254678401235259E+000,3.028561800299466E+001,-7.254678401235259E+000,3.028561800299466E+001,-7.254678401235259E+000,3.028561800299466E+001,
2.010000000000000E+009,-7.243306338583789E+000,2.979677941644805E+001,-7.243306338583789E+000,2.979677941644805E+001,-7.243306338583789E+000,2.979677941644805E+001,-7.243306338583789E+000,2.979677941644805E+001,
2.015000000000000E+009,-7.270808168535219E+000,2.945361016635117E+001,-7.270808168535219E+000,2.945361016635117E+001,-7.270808168535219E+000,2.945361016635117E+001,-7.270808168535219E+000,2.945361016635117E+001,
2.020000000000000E+009,-7.352266746783354E+000,2.926257633708791E+001,-7.352266746783354E+000,2.926257633708791E+001,-7.352266746783354E+000,2.926257633708791E+001,-7.352266746783354E+000,2.926257633708791E+001,
2.025000000000000E+009,-7.482045062368633E+000,2.916307989906251E+001,-7.482045062368633E+000,2.916307989906251E+001,-7.482045062368633E+000,2.916307989906251E+001,-7.482045062368633E+000,2.916307989906251E+001,
2.030000000000000E+009,-7.648122916925435E+000,2.912530985532887E+001,-7.648122916925435E+000,2.912530985532887E+001,-7.648122916925435E+000,2.912530985532887E+001,-7.648122916925435E+000,2.912530985532887E+001,
2.035000000000000E+009,-7.849995084676506E+000,2.913070081204119E+001,-7.849995084676506E+000,2.913070081204119E+001,-7.849995084676506E+000,2.913070081204119E+001,-7.849995084676506E+000,2.913070081204119E+001,
2.040000000000000E+009,-8.069506569046073E+000,2.901170896415442E+001,-8.069506569046073E+000,2.901170896415442E+001,-8.069506569046073E+000,2.901170896415442E+001,-8.069506569046073E+000,2.901170896415442E+001,
2.045000000000000E+009,-8.315405421929434E+000,2.870479065724504E+001,-8.315405421929434E+000,2.870479065724504E+001,-8.315405421929434E+000,2.870479065724504E+001,-8.315405421929434E+000,2.870479065724504E+001,
2.050000000000000E+009,-8.583861548583226E+000,2.807882765556724E+001,-8.583861548583226E+000,2.807882765556724E+001,-8.583861548583226E+000,2.807882765556724E+001,-8.583861548583226E+000,2.807882765556724E+001,
2.055000000000000E+009,-8.869311936970592E+000,2.703061219220606E+001,-8.869311936970592E+000,2.703061219220606E+001,-8.869311936970592E+000,2.703061219220606E+001,-8.869311936970592E+000,2.703061219220606E+001,
2.060000000000000E+009,-9.181339532920504E+000,2.549649019463533E+001,-9.181339532920504E+000,2.549649019463533E+001,-9.181339532920504E+000,2.549649019463533E+001,-9.181339532920504E+000,2.549649019463533E+001,
2.065000000000000E+009,-9.488852238345977E+000,2.348799337914732E+001,-9.488852238345977E+000,2.348799337914732E+001,-9.488852238345977E+000,2.348799337914732E+001,-9.488852238345977E+000,2.348799337914732E+001,
2.070000000000000E+009,-9.777645496760645E+000,2.075393901494206E+001,-9.777645496760645E+000,2.075393901494206E+001,-9.777645496760645E+000,2.075393901494206E+001,-9.777645496760645E+000,2.075393901494206E+001,
2.075000000000000E+009,-1.003717460558111E+001,1.729149893470876E+001,-1.003717460558111E+001,1.729149893470876E+001,-1.003717460558111E+001,1.729149893470876E+001,-1.003717460558111E+001,1.729149893470876E+001,
2.080000000000000E+009,-1.024732339564912E+001,1.302061841825500E+001,-1.024732339564912E+001,1.302061841825500E+001,-1.024732339564912E+001,1.302061841825500E+001,-1.024732339564912E+001,1.302061841825500E+001,
2.085000000000000E+009,-1.037988533584778E+001,7.980161720015577E+000,-1.037988533584778E+001,7.980161720015577E+000,-1.037988533584778E+001,7.980161720015577E+000,-1.037988533584778E+001,7.980161720015577E+000,
2.090000000000000E+009,-1.042536888985159E+001,2.344193611515907E+000,-1.042536888985159E+001,2.344193611515907E+000,-1.042536888985159E+001,2.344193611515907E+000,-1.042536888985159E+001,2.344193611515907E+000,
2.095000000000000E+009,-1.036100318926959E+001,-3.685771717365242E+000,-1.036100318926959E+001,-3.685771717365242E+000,-1.036100318926959E+001,-3.685771717365242E+000,-1.036100318926959E+001,-3.685771717365242E+000,
2.100000000000000E+009,-1.018440115783182E+001,-9.911350978249459E+000,-1.018440115783182E+001,-9.911350978249459E+000,-1.018440115783182E+001,-9.911350978249459E+000,-1.018440115783182E+001,-9.911350978249459E+000,
2.105000000000000E+009,-9.917107410610782E+000,-1.592362938803093E+001,-9.917107410610782E+000,-1.592362938803093E+001,-9.917107410610782E+000,-1.592362938803093E+001,-9.917107410610782E+000,-1.592362938803093E+001,
2.110000000000000E+009,-9.571595192406470E+000,-2.160875253337733E+001,-9.571595192406470E+000,-2.160875253337733E+001,-9.571595192406470E+000,-2.160875253337733E+001,-9.571595192406470E+000,-2.160875253337733E+001,
2.115000000000000E+009,-9.183404594784522E+000,-2.679378501804565E+001,-9.183404594784522E+000,-2.679378501804565E+001,-9.183404594784522E+000,-2.679378501804565E+001,-9.183404594784522E+000,-2.679378501804565E+001,
2.120000000000000E+009,-8.789253669111208E+000,-3.135106174679832E+001,-8.789253669111208E+000,-3.135106174679832E+001,-8.789253669111208E+000,-3.135106174679832E+001,-8.789253669111208E+000,-3.135106174679832E+001,
2.125000000000000E+009,-8.404430420511476E+000,-3.526671943619088E+001,-8.404430420511476E+000,-3.526671943619088E+001,-8.404430420511476E+000,-3.526671943619088E+001,-8.404430420511476E+000,-3.526671943619088E+001,
2.130000000000000E+009,-8.041006224394131E+000,-3.854742816899564E+001,-8.041006224394131E+000,-3.854742816899564E+001,-8.041006224394131E+000,-3.854742816899564E+001,-8.041006224394131E+000,-3.854742816899564E+001,
2.135000000000000E+009,-7.723491023817117E+000,-4.130484432099112E+001,-7.723491023817117E+000,-4.130484432099112E+001,-7.723491023817117E+000,-4.130484432099112E+001,-7.723491023817117E+000,-4.130484432099112E+001,
2.140000000000000E+009,-7.444207458264860E+000,-4.360940082460465E+001,-7.444207458264860E+000,-4.360940082460465E+001,-7.444207458264860E+000,-4.360940082460465E+001,-7.444207458264860E+000,-4.360940082460465E+001,
2.145000000000000E+009,-7.227880475784042E+000,-4.560055265534362E+001,-7.227880475784042E+000,-4.560055265534362E+001,-7.227880475784042E+000,-4.560055265534362E+001,-7.227880475784042E+000,-4.560055265534362E+001,
2.150000000000000E+009,-7.078928672102072E+000,-4.723413582883742E+001,-7.078928672102072E+000,-4.723413582883742E+001,-7.078928672102072E+000,-4.723413582883742E+001,-7.078928672102072E+000,-4.723413582883742E+001,
2.155000000000000E+009,-6.993153949977169E+000,-4.858925630128675E+001,-6.993153949977169E+000,-4.858925630128675E+001,-6.993153949977169E+000,-4.858925630128675E+001,-6.993153949977169E+000,-4.858925630128675E+001,
2.160000000000000E+009,-6.973107396269120E+000,-4.972754084686171E+001,-6.973107396269120E+000,-4.972754084686171E+001,-6.973107396269120E+000,-4.972754084686171E+001,-6.973107396269120E+000,-4.972754084686171E+001,
2.165000000000000E+009,-7.009935020322584E+000,-5.067903211357781E+001,-7.009935020322584E+000,-5.067903211357781E+001,-7.009935020322584E+000,-5.067903211357781E+001,-7.009935020322584E+000,-5.067903211357781E+001,
2.170000000000000E+009,-7.102198018626329E+000,-5.159785709270054E+001,-7.102198018626329E+000,-5.159785709270054E+001,-7.102198018626329E+000,-5.159785709270054E+001,-7.102198018626329E+000,-5.159785709270054E+001,
2.175000000000000E+009,-7.250234155863407E+000,-5.257368394052360E+001,-7.250234155863407E+000,-5.257368394052360E+001,-7.250234155863407E+000,-5.257368394052360E+001,-7.250234155863407E+000,-5.257368394052360E+001,
2.180000000000000E+009,-7.464913875739799E+000,-5.376993748991951E+001,-7.464913875739799E+000,-5.376993748991951E+001,-7.464913875739799E+000,-5.376993748991951E+001,-7.464913875739799E+000,-5.376993748991951E+001,
2.185000000000000E+009,-7.753218777638371E+000,-5.512344471700416E+001,-7.753218777638371E+000,-5.512344471700416E+001,-7.753218777638371E+000,-5.512344471700416E+001,-7.753218777638371E+000,-5.512344471700416E+001,
2.190000000000000E+009,-8.113781334925786E+000,-5.687903572139548E+001,-8.113781334925786E+000,-5.687903572139548E+001,-8.113781334925786E+000,-5.687903572139548E+001,-8.113781334925786E+000,-5.687903572139548E+001,
2.195000000000000E+009,-8.556715264876724E+000,-5.897849523957365E+001,-8.556715264876724E+000,-5.897849523957365E+001,-8.556715264876724E+000,-5.897849523957365E+001,-8.556715264876724E+000,-5.897849523957365E+001,
2.200000000000000E+009,-9.073699651020194E+000,-6.157008936958636E+001,-9.073699651020194E+000,-6.157008936958636E+001,-9.073699651020194E+000,-6.157008936958636E+001,-9.073699651020194E+000,-6.157008936958636E+001,
2.205000000000000E+009,-9.648436919450351E+000,-6.484034421569392E+001,-9.648436919450351E+000,-6.484034421569392E+001,-9.648436919450351E+000,-6.484034421569392E+001,-9.648436919450351E+000,-6.484034421569392E+001,
2.210000000000000E+009,-1.027130149491886E+001,-6.899586480572226E+001,-1.027130149491886E+001,-6.899586480572226E+001,-1.027130149491886E+001,-6.899586480572226E+001,-1.027130149491886E+001,-6.899586480572226E+001,
2.215000000000000E+009,-1.095077575951094E+001,-7.421964594845940E+001,-1.095077575951094E+001,-7.421964594845940E+001,-1.095077575951094E+001,-7.421964594845940E+001,-1.095077575951094E+001,-7.421964594845940E+001,
2.220000000000000E+009,-1.163594079790465E+001,-8.060047826516001E+001,-1.163594079790465E+001,-8.060047826516001E+001,-1.163594079790465E+001,-8.060047826516001E+001,-1.163594079790465E+001,-8.060047826516001E+001,
2.225000000000000E+009,-1.228324009969260E+001,-8.812624798870633E+001,-1.228324009969260E+001,-8.812624798870633E+001,-1.228324009969260E+001,-8.812624798870633E+001,-1.228324009969260E+001,-8.812624798870633E+001,
2.230000000000000E+009,-1.281677839192485E+001,-9.661927529623466E+001,-1.281677839192485E+001,-9.661927529623466E+001,-1.281677839192485E+001,-9.661927529623466E+001,-1.281677839192485E+001,-9.661927529623466E+001,
2.235000000000000E+009,-1.315635447326776E+001,-1.057423660805058E+002,-1.315635447326776E+001,-1.057423660805058E+002,-1.315635447326776E+001,-1.057423660805058E+002,-1.315635447326776E+001,-1.057423660805058E+002,
2.240000000000000E+009,-1.325991058079367E+001,-1.150590517462567E+002,-1.325991058079367E+001,-1.150590517462567E+002,-1.325991058079367E+001,-1.150590517462567E+002,-1.325991058079367E+001,-1.150590517462567E+002,
2.245000000000000E+009,-1.316822171549459E+001,-1.238763985571376E+002,-1.316822171549459E+001,-1.238763985571376E+002,-1.316822171549459E+001,-1.238763985571376E+002,-1.316822171549459E+001,-1.238763985571376E+002,
2.250000000000000E+009,-1.292833503596509E+001,-1.316175089638352E+002,-1.292833503596509E+001,-1.316175089638352E+002,-1.292833503596509E+001,-1.316175089638352E+002,-1.292833503596509E+001,-1.316175089638352E+002,
2.255000000000000E+009,-1.260714786807476E+001,-1.379401491691796E+002,-1.260714786807476E+001,-1.379401491691796E+002,-1.260714786807476E+001,-1.379401491691796E+002,-1.260714786807476E+001,-1.379401491691796E+002,
2.260000000000000E+009,-1.224811977724520E+001,-1.427946509640368E+002,-1.224811977724520E+001,-1.427946509640368E+002,-1.224811977724520E+001,-1.427946509640368E+002,-1.224811977724520E+001,-1.427946509640368E+002,
2.265000000000000E+009,-1.187657681801581E+001,-1.464374138499533E+002,-1.187657681801581E+001,-1.464374138499533E+002,-1.187657681801581E+001,-1.464374138499533E+002,-1.187657681801581E+001,-1.464374138499533E+002,
2.270000000000000E+009,-1.155363811024975E+001,-1.491561939794438E+002,-1.155363811024975E+001,-1.491561939794438E+002,-1.155363811024975E+001,-1.491561939794438E+002,-1.155363811024975E+001,-1.491561939794438E+002,
2.275000000000000E+009,-1.127702447393123E+001,-1.509493883146895E+002,-1.127702447393123E+001,-1.509493883146895E+002,-1.127702447393123E+001,-1.509493883146895E+002,-1.127702447393123E+001,-1.509493883146895E+002,
2.280000000000000E+009,-1.105734065747106E+001,-1.521546350403306E+002,-1.105734065747106E+001,-1.521546350403306E+002,-1.105734065747106E+001,-1.521546350403306E+002,-1.105734065747106E+001,-1.521546350403306E+002,
2.285000000000000E+009,-1.091515671560229E+001,-1.528039897607424E+002,-1.091515671560229E+001,-1.528039897607424E+002,-1.091515671560229E+001,-1.528039897607424E+002,-1.091515671560229E+001,-1.528039897607424E+002,
2.290000000000000E+009,-1.084521277077441E+001,-1.530720751525631E+002,-1.084521277077441E+001,-1.530720751525631E+002,-1.084521277077441E+001,-1.530720751525631E+002,-1.084521277077441E+001,-1.530720751525631E+002,
2.295000000000000E+009,-1.084393767637550E+001,-1.530565332059268E+002,-1.084393767637550E+001,-1.530565332059268E+002,-1.084393767637550E+001,-1.530565332059268E+002,-1.084393767637550E+001,-1.530565332059268E+002,
2.300000000000000E+009,-1.093546965421954E+001,-1.527930046603252E+002,-1.093546965421954E+001,-1.527930046603252E+002,-1.093546965421954E+001,-1.527930046603252E+002,-1.093546965421954E+001,-1.527930046603252E+002,
2.305000000000000E+009,-1.111319226810828E+001,-1.523986497471016E+002,-1.111319226810828E+001,-1.523986497471016E+002,-1.111319226810828E+001,-1.523986497471016E+002,-1.111319226810828E+001,-1.523986497471016E+002,
2.310000000000000E+009,-1.138999187192689E+001,-1.518326947864902E+002,-1.138999187192689E+001,-1.518326947864902E+002,-1.138999187192689E+001,-1.518326947864902E+002,-1.138999187192689E+001,-1.518326947864902E+002,
2.315000000000000E+009,-1.176617056310788E+001,-1.512519477530611E+002,-1.176617056310788E+001,-1.512519477530611E+002,-1.176617056310788E+001,-1.512519477530611E+002,-1.176617056310788E+001,-1.512519477530611E+002,
2.320000000000000E+009,-1.225879271270043E+001,-1.505754554583405E+002,-1.225879271270043E+001,-1.505754554583405E+002,-1.225879271270043E+001,-1.505754554583405E+002,-1.225879271270043E+001,-1.505754554583405E+002,
2.325000000000000E+009,-1.286265748455256E+001,-1.498458576736261E+002,-1.286265748455256E+001,-1.498458576736261E+002,-1.286265748455256E+001,-1.498458576736261E+002,-1.286265748455256E+001,-1.498458576736261E+002,
2.330000000000000E+009,-1.357204089434977E+001,-1.492907512681920E+002,-1.357204089434977E+001,-1.492907512681920E+002,-1.357204089434977E+001,-1.492907512681920E+002,-1.357204089434977E+001,-1.492907512681920E+002,
2.335000000000000E+009,-1.442596751491083E+001,-1.491453937800125E+002,-1.442596751491083E+001,-1.491453937800125E+002,-1.442596751491083E+001,-1.491453937800125E+002,-1.442596751491083E+001,-1.491453937800125E+002,
2.340000000000000E+009,-1.546799914882675E+001,-1.497782659389656E+002,-1.546799914882675E+001,-1.497782659389656E+002,-1.546799914882675E+001,-1.497782659389656E+002,-1.546799914882675E+001,-1.497782659389656E+002,
2.345000000000000E+009,-1.676535391887025E+001,-1.513330860360971E+002,-1.676535391887025E+001,-1.513330860360971E+002,-1.676535391887025E+001,-1.513330860360971E+002,-1.676535391887025E+001,-1.513330860360971E+002,
2.350000000000000E+009,-1.837235145650725E+001,-1.543806981850605E+002,-1.837235145650725E+001,-1.543806981850605E+002,-1.837235145650725E+001,-1.543806981850605E+002,-1.837235145650725E+001,-1.543806981850605E+002,
2.355000000000000E+009,-2.037077814109495E+001,-1.603382326648173E+002,-2.037077814109495E+001,-1.603382326648173E+002,-2.037077814109495E+001,-1.603382326648173E+002,-2.037077814109495E+001,-1.603382326648173E+002,
2.360000000000000E+009,-2.278372264171265E+001,-1.718778985333061E+002,-2.278372264171265E+001,-1.718778985333061E+002,-2.278372264171265E+001,-1.718778985333061E+002,-2.278372264171265E+001,-1.718778985333061E+002,
2.365000000000000E+009,-2.520757116978474E+001,1.657733756034867E+002,-2.520757116978474E+001,1.657733756034867E+002,-2.520757116978474E+001,1.657733756034867E+002,-2.520757116978474E+001,1.657733756034867E+002,
2.370000000000000E+009,-2.576705412720407E+001,1.321613194342474E+002,-2.576705412720407E+001,1.321613194342474E+002,-2.576705412720407E+001,1.321613194342474E+002,-2.576705412720407E+001,1.321613194342474E+002,
2.375000000000000E+009,-2.382366518629914E+001,1.044359435761737E+002,-2.382366518629914E+001,1.044359435761737E+002,-2.382366518629914E+001,1.044359435761737E+002,-2.382366518629914E+001,1.044359435761737E+002,
2.380000000000000E+009,-2.132858098994829E+001,8.911412761682232E+001,-2.132858098994829E+001,8.911412761682232E+001,-2.132858098994829E+001,8.911412761682232E+001,-2.132858098994829E+001,8.911412761682232E+001,
2.385000000000000E+009,-1.921629202379528E+001,8.084537988835842E+001,-1.921629202379528E+001,8.084537988835842E+001,-1.921629202379528E+001,8.084537988835842E+001,-1.921629202379528E+001,8.084537988835842E+001,
2.390000000000000E+009,-1.754457128315337E+001,7.604203216372727E+001,-1.754457128315337E+001,7.604203216372727E+001,-1.754457128315337E+001,7.604203216372727E+001,-1.754457128315337E+001,7.604203216372727E+001,
2.395000000000000E+009,-1.623738828808444E+001,7.291340722209485E+001,-1.623738828808444E+001,7.291340722209485E+001,-1.623738828808444E+001,7.291340722209485E+001,-1.623738828808444E+001,7.291340722209485E+001,
2.400000000000000E+009,-1.520975656642845E+001,7.058603975114008E+001,-1.520975656642845E+001,7.058603975114008E+001,-1.520975656642845E+001,7.058603975114008E+001,-1.520975656642845E+001,7.058603975114008E+001,
2.405000000000000E+009,-1.445033026519852E+001,6.864028503825864E+001,-1.445033026519852E+001,6.864028503825864E+001,-1.445033026519852E+001,6.864028503825864E+001,-1.445033026519852E+001,6.864028503825864E+001,
2.410000000000000E+009,-1.392242122318771E+001,6.687841306012825E+001,-1.392242122318771E+001,6.687841306012825E+001,-1.392242122318771E+001,6.687841306012825E+001,-1.392242122318771E+001,6.687841306012825E+001,
2.415000000000000E+009,-1.358661366132482E+001,6.520175776574907E+001,-1.358661366132482E+001,6.520175776574907E+001,-1.358661366132482E+001,6.520175776574907E+001,-1.358661366132482E+001,6.520175776574907E+001,
2.420000000000000E+009,-1.343103541561337E+001,6.348794341154279E+001,-1.343103541561337E+001,6.348794341154279E+001,-1.343103541561337E+001,6.348794341154279E+001,-1.343103541561337E+001,6.348794341154279E+001,
2.425000000000000E+009,-1.342455717708057E+001,6.141842511685438E+001,-1.342455717708057E+001,6.141842511685438E+001,-1.342455717708057E+001,6.141842511685438E+001,-1.342455717708057E+001,6.141842511685438E+001,
2.430000000000000E+009,-1.356771689193249E+001,5.883608369213068E+001,-1.356771689193249E+001,5.883608369213068E+001,-1.356771689193249E+001,5.883608369213068E+001,-1.356771689193249E+001,5.883608369213068E+001,
2.435000000000000E+009,-1.386732728337737E+001,5.530065655137651E+001,-1.386732728337737E+001,5.530065655137651E+001,-1.386732728337737E+001,5.530065655137651E+001,-1.386732728337737E+001,5.530065655137651E+001,
2.440000000000000E+009,-1.434040028562450E+001,5.072682126044727E+001,-1.434040028562450E+001,5.072682126044727E+001,-1.434040028562450E+001,5.072682126044727E+001,-1.434040028562450E+001,5.072682126044727E+001,
2.445000000000000E+009,-1.495380692129746E+001,4.468670324133106E+001,-1.495380692129746E+001,4.468670324133106E+001,-1.495380692129746E+001,4.468670324133106E+001,-1.495380692129746E+001,4.468670324133106E+001,
2.450000000000000E+009,-1.564902791836891E+001,3.686305088320131E+001,-1.564902791836891E+001,3.686305088320131E+001,-1.564902791836891E+001,3.686305088320131E+001,-1.564902791836891E+001,3.686305088320131E+001,
2.455000000000000E+009,-1.629459947569378E+001,2.664026912256181E+001,-1.629459947569378E+001,2.664026912256181E+001,-1.629459947569378E+001,2.664026912256181E+001,-1.629459947569378E+001,2.664026912256181E+001,
2.460000000000000E+009,-1.667012019164612E+001,1.381763571984343E+001,-1.667012019164612E+001,1.381763571984343E+001,-1.667012019164612E+001,1.381763571984343E+001,-1.667012019164612E+001,1.381763571984343E+001,
2.465000000000000E+009,-1.658177359592137E+001,-9.695597330147656E-001,-1.658177359592137E+001,-9.695597330147656E-001,-1.658177359592137E+001,-9.695597330147656E-001,-1.658177359592137E+001,-9.695597330147656E-001,
2.470000000000000E+009,-1.599018681300665E+001,-1.568224934052136E+001,-1.599018681300665E+001,-1.568224934052136E+001,-1.599018681300665E+001,-1.568224934052136E+001,-1.599018681300665E+001,-1.568224934052136E+001,
2.475000000000000E+009,-1.499260377355182E+001,-2.833007943999094E+001,-1.499260377355182E+001,-2.833007943999094E+001,-1.499260377355182E+001,-2.833007943999094E+001,-1.499260377355182E+001,-2.833007943999094E+001,
2.480000000000000E+009,-1.379640795803212E+001,-3.830142086477195E+001,-1.379640795803212E+001,-3.830142086477195E+001,-1.379640795803212E+001,-3.830142086477195E+001,-1.379640795803212E+001,-3.830142086477195E+001,
2.485000000000000E+009,-1.258440031794443E+001,-4.592212418632849E+001,-1.258440031794443E+001,-4.592212418632849E+001,-1.258440031794443E+001,-4.592212418632849E+001,-1.258440031794443E+001,-4.592212418632849E+001,
2.490000000000000E+009,-1.145531237191958E+001,-5.159321068928421E+001,-1.145531237191958E+001,-5.159321068928421E+001,-1.145531237191958E+001,-5.159321068928421E+001,-1.145531237191958E+001,-5.159321068928421E+001,
2.495000000000000E+009,-1.044201089100581E+001,-5.577304498336237E+001,-1.044201089100581E+001,-5.577304498336237E+001,-1.044201089100581E+001,-5.577304498336237E+001,-1.044201089100581E+001,-5.577304498336237E+001,
2.500000000000000E+009,-9.552979943386418E+000,-5.883088728561978E+001,-9.552979943386418E+000,-5.883088728561978E+001,-9.552979943386418E+000,-5.883088728561978E+001,-9.552979943386418E+000,-5.883088728561978E+001,
2.505000000000000E+009,-8.782177784126514E+000,-6.106848902960954E+001,-8.782177784126514E+000,-6.106848902960954E+001,-8.782177784126514E+000,-6.106848902960954E+001,-8.782177784126514E+000,-6.106848902960954E+001,
2.510000000000000E+009,-8.115681860516297E+000,-6.267787857815274E+001,-8.115681860516297E+000,-6.267787857815274E+001,-8.115681860516297E+000,-6.267787857815274E+001,-8.115681860516297E+000,-6.267787857815274E+001,
2.515000000000000E+009,-7.542462225342194E+000,-6.378291193480256E+001,-7.542462225342194E+000,-6.378291193480256E+001,-7.542462225342194E+000,-6.378291193480256E+001,-7.542462225342194E+000,-6.378291193480256E+001,
2.520000000000000E+009,-7.056153194492564E+000,-6.462956492805461E+001,-7.056153194492564E+000,-6.462956492805461E+001,-7.056153194492564E+000,-6.462956492805461E+001,-7.056153194492564E+000,-6.462956492805461E+001,
2.525000000000000E+009,-6.653223094548437E+000,-6.518510556144359E+001,-6.653223094548437E+000,-6.518510556144359E+001,-6.653223094548437E+000,-6.518510556144359E+001,-6.653223094548437E+000,-6.518510556144359E+001,
2.530000000000000E+009,-6.328576183055623E+000,-6.555379828556038E+001,-6.328576183055623E+000,-6.555379828556038E+001,-6.328576183055623E+000,-6.555379828556038E+001,-6.328576183055623E+000,-6.555379828556038E+001,
2.535000000000000E+009,-6.059068082107055E+000,-6.577016275084446E+001,-6.059068082107055E+000,-6.577016275084446E+001,-6.059068082107055E+000,-6.577016275084446E+001,-6.059068082107055E+000,-6.577016275084446E+001,
2.540000000000000E+009,-5.844998184867684E+000,-6.592063669395610E+001,-5.844998184867684E+000,-6.592063669395610E+001,-5.844998184867684E+000,-6.592063669395610E+001,-5.844998184867684E+000,-6.592063669395610E+001,
2.545000000000000E+009,-5.681471280256171E+000,-6.612436505418403E+001,-5.681471280256171E+000,-6.612436505418403E+001,-5.681471280256171E+000,-6.612436505418403E+001,-5.681471280256171E+000,-6.612436505418403E+001,
2.550000000000000E+009,-5.566125255470400E+000,-6.637432661392897E+001,-5.566125255470400E+000,-6.637432661392897E+001,-5.566125255470400E+000,-6.637432661392897E+001,-5.566125255470400E+000,-6.637432661392897E+001,
2.555000000000000E+009,-5.487021489070188E+000,-6.677009654641253E+001,-5.487021489070188E+000,-6.677009654641253E+001,-5.487021489070188E+000,-6.677009654641253E+001,-5.487021489070188E+000,-6.677009654641253E+001,
2.560000000000000E+009,-5.441454627552715E+000,-6.731317592956249E+001,-5.441454627552715E+000,-6.731317592956249E+001,-5.441454627552715E+000,-6.731317592956249E+001,-5.441454627552715E+000,-6.731317592956249E+001,
2.565000000000000E+009,-5.418013699539217E+000,-6.812830714156260E+001,-5.418013699539217E+000,-6.812830714156260E+001,-5.418013699539217E+000,-6.812830714156260E+001,-5.418013699539217E+000,-6.812830714156260E+001,
2.570000000000000E+009,-5.417075499713818E+000,-6.928875516220897E+001,-5.417075499713818E+000,-6.928875516220897E+001,-5.417075499713818E+000,-6.928875516220897E+001,-5.417075499713818E+000,-6.928875516220897E+001,
2.575000000000000E+009,-5.426446488680594E+000,-7.084900527647430E+001,-5.426446488680594E+000,-7.084900527647430E+001,-5.426446488680594E+000,-7.084900527647430E+001,-5.426446488680594E+000,-7.084900527647430E+001,
2.580000000000000E+009,-5.436701537943421E+000,-7.286352573702816E+001,-5.436701537943421E+000,-7.286352573702816E+001,-5.436701537943421E+000,-7.286352573702816E+001,-5.436701537943421E+000,-7.286352573702816E+001,
2.585000000000000E+009,-5.438430840086197E+000,-7.542207715161440E+001,-5.438430840086197E+000,-7.542207715161440E+001,-5.438430840086197E+000,-7.542207715161440E+001,-5.438430840086197E+000,-7.542207715161440E+001,
2.590000000000000E+009,-5.429990453828919E+000,-7.852415895629981E+001,-5.429990453828919E+000,-7.852415895629981E+001,-5.429990453828919E+000,-7.852415895629981E+001,-5.429990453828919E+000,-7.852415895629981E+001,
2.595000000000000E+009,-5.402554114805287E+000,-8.215769904416059E+001,-5.402554114805287E+000,-8.215769904416059E+001,-5.402554114805287E+000,-8.215769904416059E+001,-5.402554114805287E+000,-8.215769904416059E+001,
2.600000000000000E+009,-5.337540888714938E+000,-8.618095011753843E+001,-5.337540888714938E+000,-8.618095011753843E+001,-5.337540888714938E+000,-8.618095011753843E+001,-5.337540888714938E+000,-8.618095011753843E+001,
2.605000000000000E+009,-5.234042159698967E+000,-9.060802358971863E+001,-5.234042159698967E+000,-9.060802358971863E+001,-5.234042159698967E+000,-9.060802358971863E+001,-5.234042159698967E+000,-9.060802358971863E+001,
2.610000000000000E+009,-5.077966635699062E+000,-9.528673560834609E+001,-5.077966635699062E+000,-9.528673560834609E+001,-5.077966635699062E+000,-9.528673560834609E+001,-5.077966635699062E+000,-9.528673560834609E+001,
2.615000000000000E+009,-4.880273433399998E+000,-1.000471495080029E+002,-4.880273433399998E+000,-1.000471495080029E+002,-4.880273433399998E+000,-1.000471495080029E+002,-4.880273433399998E+000,-1.000471495080029E+002,
2.620000000000000E+009,-4.640953393294399E+000,-1.047252912504070E+002,-4.640953393294399E+000,-1.047252912504070E+002,-4.640953393294399E+000,-1.047252912504070E+002,-4.640953393294399E+000,-1.047252912504070E+002,
2.625000000000000E+009,-4.373023640997678E+000,-1.091699225045623E+002,-4.373023640997678E+000,-1.091699225045623E+002,-4.373023640997678E+000,-1.091699225045623E+002,-4.373023640997678E+000,-1.091699225045623E+002,
2.630000000000000E+009,-4.075814236731853E+000,-1.133044274848058E+002,-4.075814236731853E+000,-1.133044274848058E+002,-4.075814236731853E+000,-1.133044274848058E+002,-4.075814236731853E+000,-1.133044274848058E+002,
2.635000000000000E+009,-3.772865351061145E+000,-1.170365549151302E+002,-3.772865351061145E+000,-1.170365549151302E+002,-3.772865351061145E+000,-1.170365549151302E+002,-3.772865351061145E+000,-1.170365549151302E+002,
2.640000000000000E+009,-3.475754740310812E+000,-1.203494986823201E+002,-3.475754740310812E+000,-1.203494986823201E+002,-3.475754740310812E+000,-1.203494986823201E+002,-3.475754740310812E+000,-1.203494986823201E+002,
2.645000000000000E+009,-3.189253345472950E+000,-1.231931605067232E+002,-3.189253345472950E+000,-1.231931605067232E+002,-3.189253345472950E+000,-1.231931605067232E+002,-3.189253345472950E+000,-1.231931605067232E+002,
2.650000000000000E+009,-2.931566521182861E+000,-1.255665390301441E+002,-2.931566521182861E+000,-1.255665390301441E+002,-2.931566521182861E+000,-1.255665390301441E+002,-2.931566521182861E+000,-1.255665390301441E+002,
2.655000000000000E+009,-2.692404021019816E+000,-1.274999020836535E+002,-2.692404021019816E+000,-1.274999020836535E+002,-2.692404021019816E+000,-1.274999020836535E+002,-2.692404021019816E+000,-1.274999020836535E+002,
2.660000000000000E+009,-2.477976950911383E+000,-1.289992484568593E+002,-2.477976950911383E+000,-1.289992484568593E+002,-2.477976950911383E+000,-1.289992484568593E+002,-2.477976950911383E+000,-1.289992484568593E+002,
2.665000000000000E+009,-2.293057667520718E+000,-1.301472962614066E+002,-2.293057667520718E+000,-1.301472962614066E+002,-2.293057667520718E+000,-1.301472962614066E+002,-2.293057667520718E+000,-1.301472962614066E+002,
2.670000000000000E+009,-2.131223112635304E+000,-1.309897518872823E+002,-2.131223112635304E+000,-1.309897518872823E+002,-2.131223112635304E+000,-1.309897518872823E+002,-2.131223112635304E+000,-1.309897518872823E+002,
2.675000000000000E+009,-1.997769941979440E+000,-1.315454936891566E+002,-1.997769941979440E+000,-1.315454936891566E+002,-1.997769941979440E+000,-1.315454936891566E+002,-1.997769941979440E+000,-1.315454936891566E+002,
2.680000000000000E+009,-1.888919306634028E+000,-1.318998951852747E+002,-1.888919306634028E+000,-1.318998951852747E+002,-1.888919306634028E+000,-1.318998951852747E+002,-1.888919306634028E+000,-1.318998951852747E+002,
2.685000000000000E+009,-1.802324685850526E+000,-1.320601067319103E+002,-1.802324685850526E+000,-1.320601067319103E+002,-1.802324685850526E+000,-1.320601067319103E+002,-1.802324685850526E+000,-1.320601067319103E+002,
2.690000000000000E+009,-1.733010831460632E+000,-1.320959186238977E+002,-1.733010831460632E+000,-1.320959186238977E+002,-1.733010831460632E+000,-1.320959186238977E+002,-1.733010831460632E+000,-1.320959186238977E+002,
2.695000000000000E+009,-1.685274004295080E+000,-1.320520159805618E+002,-1.685274004295080E+000,-1.320520159805618E+002,-1.685274004295080E+000,-1.320520159805618E+002,-1.685274004295080E+000,-1.320520159805618E+002,
2.700000000000000E+009,-1.655158908824053E+000,-1.320083254927920E+002,-1.655158908824053E+000,-1.320083254927920E+002,-1.655158908824053E+000,-1.320083254927920E+002,-1.655158908824053E+000,-1.320083254927920E+002,
2.705000000000000E+009,-1.638543349858540E+000,-1.319561254118952E+002,-1.638543349858540E+000,-1.319561254118952E+002,-1.638543349858540E+000,-1.319561254118952E+002,-1.638543349858540E+000,-1.319561254118952E+002,
2.710000000000000E+009,-1.637179485077908E+000,-1.320081874347255E+002,-1.637179485077908E+000,-1.320081874347255E+002,-1.637179485077908E+000,-1.320081874347255E+002,-1.637179485077908E+000,-1.320081874347255E+002,
2.715000000000000E+009,-1.646536479859833E+000,-1.321842483222101E+002,-1.646536479859833E+000,-1.321842483222101E+002,-1.646536479859833E+000,-1.321842483222101E+002,-1.646536479859833E+000,-1.321842483222101E+002,
2.720000000000000E+009,-1.666951366703428E+000,-1.325459459849892E+002,-1.666951366703428E+000,-1.325459459849892E+002,-1.666951366703428E+000,-1.325459459849892E+002,-1.666951366703428E+000,-1.325459459849892E+002,
2.725000000000000E+009,-1.698218043998231E+000,-1.331264259936594E+002,-1.698218043998231E+000,-1.331264259936594E+002,-1.698218043998231E+000,-1.331264259936594E+002,-1.698218043998231E+000,-1.331264259936594E+002,
2.730000000000000E+009,-1.739694708366021E+000,-1.339500352095515E+002,-1.739694708366021E+000,-1.339500352095515E+002,-1.739694708366021E+000,-1.339500352095515E+002,-1.739694708366021E+000,-1.339500352095515E+002,
2.735000000000000E+009,-1.782890027640051E+000,-1.350707046358504E+002,-1.782890027640051E+000,-1.350707046358504E+002,-1.782890027640051E+000,-1.350707046358504E+002,-1.782890027640051E+000,-1.350707046358504E+002,
2.740000000000000E+009,-1.828661502392007E+000,-1.365416342432587E+002,-1.828661502392007E+000,-1.365416342432587E+002,-1.828661502392007E+000,-1.365416342432587E+002,-1.828661502392007E+000,-1.365416342432587E+002,
2.745000000000000E+009,-1.879369958187378E+000,-1.383390356625518E+002,-1.879369958187378E+000,-1.383390356625518E+002,-1.879369958187378E+000,-1.383390356625518E+002,-1.879369958187378E+000,-1.383390356625518E+002,
2.750000000000000E+009,-1.921564060732670E+000,-1.404784432794300E+002,-1.921564060732670E+000,-1.404784432794300E+002,-1.921564060732670E+000,-1.404784432794300E+002,-1.921564060732670E+000,-1.404784432794300E+002,
2.755000000000000E+009,-1.958829753435204E+000,-1.429462514159832E+002,-1.958829753435204E+000,-1.429462514159832E+002,-1.958829753435204E+000,-1.429462514159832E+002,-1.958829753435204E+000,-1.429462514159832E+002,
2.760000000000000E+009,-1.981248900030764E+000,-1.457199801733351E+002,-1.981248900030764E+000,-1.457199801733351E+002,-1.981248900030764E+000,-1.457199801733351E+002,-1.981248900030764E+000,-1.457199801733351E+002,
2.765000000000000E+009,-1.991240284409992E+000,-1.487511653656385E+002,-1.991240284409992E+000,-1.487511653656385E+002,-1.991240284409992E+000,-1.487511653656385E+002,-1.991240284409992E+000,-1.487511653656385E+002,
2.770000000000000E+009,-1.982144139502828E+000,-1.519311883994041E+002,-1.982144139502828E+000,-1.519311883994041E+002,-1.982144139502828E+000,-1.519311883994041E+002,-1.982144139502828E+000,-1.519311883994041E+002,
2.775000000000000E+009,-1.957270830429877E+000,-1.551932130330508E+002,-1.957270830429877E+000,-1.551932130330508E+002,-1.957270830429877E+000,-1.551932130330508E+002,-1.957270830429877E+000,-1.551932130330508E+002,
2.780000000000000E+009,-1.912838301916048E+000,-1.584183200243669E+002,-1.912838301916048E+000,-1.584183200243669E+002,-1.912838301916048E+000,-1.584183200243669E+002,-1.912838301916048E+000,-1.584183200243669E+002,
2.785000000000000E+009,-1.845056623209457E+000,-1.615392312605884E+002,-1.845056623209457E+000,-1.615392312605884E+002,-1.845056623209457E+000,-1.615392312605884E+002,-1.845056623209457E+000,-1.615392312605884E+002,
2.790000000000000E+009,-1.765789405565555E+000,-1.644602981451668E+002,-1.765789405565555E+000,-1.644602981451668E+002,-1.765789405565555E+000,-1.644602981451668E+002,-1.765789405565555E+000,-1.644602981451668E+002,
2.795000000000000E+009,-1.670193935040152E+000,-1.671458154505262E+002,-1.670193935040152E+000,-1.671458154505262E+002,-1.670193935040152E+000,-1.671458154505262E+002,-1.670193935040152E+000,-1.671458154505262E+002,
2.800000000000000E+009,-1.571713339464087E+000,-1.694966316851926E+002,-1.571713339464087E+000,-1.694966316851926E+002,-1.571713339464087E+000,-1.694966316851926E+002,-1.571713339464087E+000,-1.694966316851926E+002,
2.805000000000000E+009,-1.470272357679290E+000,-1.715055454579660E+002,-1.470272357679290E+000,-1.715055454579660E+002,-1.470272357679290E+000,-1.715055454579660E+002,-1.470272357679290E+000,-1.715055454579660E+002,
2.810000000000000E+009,-1.372073258331640E+000,-1.731646089468116E+002,-1.372073258331640E+000,-1.731646089468116E+002,-1.372073258331640E+000,-1.731646089468116E+002,-1.372073258331640E+000,-1.731646089468116E+002,
2.815000000000000E+009,-1.273127174033286E+000,-1.744485503134769E+002,-1.273127174033286E+000,-1.744485503134769E+002,-1.273127174033286E+000,-1.744485503134769E+002,-1.273127174033286E+000,-1.744485503134769E+002,
2.820000000000000E+009,-1.182649539187748E+000,-1.753875732032294E+002,-1.182649539187748E+000,-1.753875732032294E+002,-1.182649539187748E+000,-1.753875732032294E+002,-1.182649539187748E+000,-1.753875732032294E+002,
2.825000000000000E+009,-1.094069837653565E+000,-1.760150277894015E+002,-1.094069837653565E+000,-1.760150277894015E+002,-1.094069837653565E+000,-1.760150277894015E+002,-1.094069837653565E+000,-1.760150277894015E+002,
2.830000000000000E+009,-1.017179250509810E+000,-1.763794956913808E+002,-1.017179250509810E+000,-1.763794956913808E+002,-1.017179250509810E+000,-1.763794956913808E+002,-1.017179250509810E+000,-1.763794956913808E+002,
2.835000000000000E+009,-9.494528452778139E-001,-1.765062938924649E+002,-9.494528452778139E-001,-1.765062938924649E+002,-9.494528452778139E-001,-1.765062938924649E+002,-9.494528452778139E-001,-1.765062938924649E+002,
2.840000000000000E+009,-8.942036477567537E-001,-1.764021303347456E+002,-8.942036477567537E-001,-1.764021303347456E+002,-8.942036477567537E-001,-1.764021303347456E+002,-8.942036477567537E-001,-1.764021303347456E+002,
2.845000000000000E+009,-8.469563032870463E-001,-1.761543300485055E+002,-8.469563032870463E-001,-1.761543300485055E+002,-8.469563032870463E-001,-1.761543300485055E+002,-8.469563032870463E-001,-1.761543300485055E+002,
2.850000000000000E+009,-8.095043754956819E-001,-1.757673729713900E+002,-8.095043754956819E-001,-1.757673729713900E+002,-8.095043754956819E-001,-1.757673729713900E+002,-8.095043754956819E-001,-1.757673729713900E+002,
2.855000000000000E+009,-7.877659001147532E-001,-1.753243106131178E+002,-7.877659001147532E-001,-1.753243106131178E+002,-7.877659001147532E-001,-1.753243106131178E+002,-7.877659001147532E-001,-1.753243106131178E+002,
2.860000000000000E+009,-7.736679193478835E-001,-1.748216448859757E+002,-7.736679193478835E-001,-1.748216448859757E+002,-7.736679193478835E-001,-1.748216448859757E+002,-7.736679193478835E-001,-1.748216448859757E+002,
2.865000000000000E+009,-7.696925174344512E-001,-1.743350721219443E+002,-7.696925174344512E-001,-1.743350721219443E+002,-7.696925174344512E-001,-1.743350721219443E+002,-7.696925174344512E-001,-1.743350721219443E+002,
2.870000000000000E+009,-7.774065594622013E-001,-1.739102248817339E+002,-7.774065594622013E-001,-1.739102248817339E+002,-7.774065594622013E-001,-1.739102248817339E+002,-7.774065594622013E-001,-1.739102248817339E+002,
2.875000000000000E+009,-7.958216689227405E-001,-1.735728879117160E+002,-7.958216689227405E-001,-1.735728879117160E+002,-7.958216689227405E-001,-1.735728879117160E+002,-7.958216689227405E-001,-1.735728879117160E+002,
2.880000000000000E+009,-8.245622283274025E-001,-1.733655448703613E+002,-8.245622283274025E-001,-1.733655448703613E+002,-8.245622283274025E-001,-1.733655448703613E+002,-8.245622283274025E-001,-1.733655448703613E+002,
2.885000000000000E+009,-8.621935964112184E-001,-1.733273715466016E+002,-8.621935964112184E-001,-1.733273715466016E+002,-8.621935964112184E-001,-1.733273715466016E+002,-8.621935964112184E-001,-1.733273715466016E+002,
2.890000000000000E+009,-9.087044558776573E-001,-1.735101789507435E+002,-9.087044558776573E-001,-1.735101789507435E+002,-9.087044558776573E-001,-1.735101789507435E+002,-9.087044558776573E-001,-1.735101789507435E+002,
2.895000000000000E+009,-9.624333812002470E-001,-1.739357843595394E+002,-9.624333812002470E-001,-1.739357843595394E+002,-9.624333812002470E-001,-1.739357843595394E+002,-9.624333812002470E-001,-1.739357843595394E+002,
2.900000000000000E+009,-1.022660060642852E+000,-1.746674758833913E+002,-1.022660060642852E+000,-1.746674758833913E+002,-1.022660060642852E+000,-1.746674758833913E+002,-1.022660060642852E+000,-1.746674758833913E+002,
2.905000000000000E+009,-1.086832619491069E+000,-1.757256204841939E+002,-1.086832619491069E+000,-1.757256204841939E+002,-1.086832619491069E+000,-1.757256204841939E+002,-1.086832619491069E+000,-1.757256204841939E+002,
2.910000000000000E+009,-1.154328518145857E+000,-1.771128033176337E+002,-1.154328518145857E+000,-1.771128033176337E+002,-1.154328518145857E+000,-1.771128033176337E+002,-1.154328518145857E+000,-1.771128033176337E+002,
2.915000000000000E+009,-1.221433197849883E+000,-1.788603297854921E+002,-1.221433197849883E+000,-1.788603297854921E+002,-1.221433197849883E+000,-1.788603297854921E+002,-1.221433197849883E+000,-1.788603297854921E+002,
2.920000000000000E+009,-1.284225265806225E+000,1.790538245603123E+002,-1.284225265806225E+000,1.790538245603123E+002,-1.284225265806225E+000,1.790538245603123E+002,-1.284225265806225E+000,1.790538245603123E+002,
2.925000000000000E+009,-1.343340132686081E+000,1.766467294573465E+002,-1.343340132686081E+000,1.766467294573465E+002,-1.343340132686081E+000,1.766467294573465E+002,-1.343340132686081E+000,1.766467294573465E+002,
2.930000000000000E+009,-1.393924778720143E+000,1.739561473391580E+002,-1.393924778720143E+000,1.739561473391580E+002,-1.393924778720143E+000,1.739561473391580E+002,-1.393924778720143E+000,1.739561473391580E+002,
2.935000000000000E+009,-1.426972422792687E+000,1.710608622242442E+002,-1.426972422792687E+000,1.710608622242442E+002,-1.426972422792687E+000,1.710608622242442E+002,-1.426972422792687E+000,1.710608622242442E+002,
2.940000000000000E+009,-1.445469032059604E+000,1.680126506592749E+002,-1.445469032059604E+000,1.680126506592749E+002,-1.445469032059604E+000,1.680126506592749E+002,-1.445469032059604E+000,1.680126506592749E+002,
2.945000000000000E+009,-1.444281224979191E+000,1.649214598698166E+002,-1.444281224979191E+000,1.649214598698166E+002,-1.444281224979191E+000,1.649214598698166E+002,-1.444281224979191E+000,1.649214598698166E+002,
2.950000000000000E+009,-1.427298284131130E+000,1.618788052611065E+002,-1.427298284131130E+000,1.618788052611065E+002,-1.427298284131130E+000,1.618788052611065E+002,-1.427298284131130E+000,1.618788052611065E+002,
