1976 2.242987845136648e+00 2.242987845136648e+00
3536 2.944132948456801e+00 2.944132948456801e+00
6756 1.994034626874360e+00 1.994034626874360e+00
10976 1.243159177267945e+00 1.243159177267945e+00
15356 5.376935388841128e-01 5.376935388841128e-01
19776 3.560772564783013e-01 3.560772564783013e-01
24216 2.802351425419778e-01 2.802351425419778e-01
28616 2.089495624391285e-01 2.089495624391285e-01
33056 8.180798419306820e-02 8.180798419306820e-02
37496 1.427717310908212e-01 1.427717310908212e-01
41936 8.193478649857278e-02 8.193478649857278e-02
46456 4.118740132326324e-02 4.118740132326324e-02
50876 1.356390625841336e-01 1.356390625841336e-01
55376 1.837808780837648e-01 1.837808780837648e-01
59376 9.897365778346212e-02 9.897365778346212e-02
63296 5.325050415252026e-02 5.325050415252026e-02
67636 2.990418647433373e-02 2.990418647433373e-02
71996 1.006343925835029e-01 1.006343925835029e-01
76396 1.397757222362718e-01 1.397757222362718e-01
80796 1.204837318626700e-01 1.204837318626700e-01
85276 1.091737215164137e-01 1.091737215164137e-01
89676 1.152743672824179e-01 1.152743672824179e-01
94056 6.636735848942250e-02 6.636735848942250e-02
98416 2.832343359535095e-02 2.832343359535095e-02
102736 2.312102438406266e-02 2.312102438406266e-02
107076 5.842109767019759e-02 5.842109767019759e-02
111156 8.667307832641490e-02 8.667307832641490e-02
114656 5.215463324030244e-02 5.215463324030244e-02
118856 1.874474521999516e-02 1.874474521999516e-02
123216 6.565914991129819e-02 6.565914991129819e-02
127536 6.334737509515155e-02 6.334737509515155e-02
131836 1.824978839728854e-02 1.824978839728854e-02
136196 4.043718281753372e-02 4.043718281753372e-02
140516 1.263741968883092e-02 1.263741968883092e-02
144856 4.849165328451450e-02 4.849165328451450e-02
149136 3.014030256884735e-02 3.014030256884735e-02
153436 4.859739435055403e-02 4.859739435055403e-02
157776 3.151397619096673e-02 3.151397619096673e-02
162156 4.018036004304659e-02 4.018036004304659e-02
165656 3.557661564654302e-02 3.557661564654302e-02
169916 3.657445175279563e-02 3.657445175279563e-02
174296 3.624757337535732e-02 3.624757337535732e-02
178576 2.438459520266907e-02 2.438459520266907e-02
182856 5.465509249660651e-03 5.465509249660651e-03
187196 2.620858329903735e-02 2.620858329903735e-02
191516 1.536425314866977e-02 1.536425314866977e-02
195916 2.712909954316641e-02 2.712909954316641e-02
200276 1.892359206924136e-02 1.892359206924136e-02
204616 2.310637158155891e-02 2.310637158155891e-02
209016 8.833483933696522e-03 8.833483933696522e-03
213376 1.084284954214963e-02 1.084284954214963e-02
216876 2.018213882125828e-02 2.018213882125828e-02
221096 1.457654200374228e-02 1.457654200374228e-02
225196 2.424860052680789e-03 2.424860052680789e-03
229456 1.407963864688821e-02 1.407963864688821e-02
233876 7.720484485009086e-03 7.720484485009086e-03
238236 1.507723552690671e-02 1.507723552690671e-02
242556 1.127182453549182e-02 1.127182453549182e-02
246956 1.322405456502983e-02 1.322405456502983e-02
251316 5.720339090548334e-03 5.720339090548334e-03
255556 5.392511723540978e-03 5.392511723540978e-03
259896 1.372595412963123e-03 1.372595412963123e-03
264276 8.310507713077606e-03 8.310507713077606e-03
267856 1.297654958066713e-03 1.297654958066713e-03
272096 4.546530667165435e-03 4.546530667165435e-03
276416 3.813582730440652e-03 3.813582730440652e-03
280676 8.341710175295671e-03 8.341710175295671e-03
285036 6.086221456140789e-03 6.086221456140789e-03
289356 7.533839329113146e-03 7.533839329113146e-03
293656 3.632025404223082e-03 3.632025404223082e-03
297936 2.629449926012772e-03 2.629449926012772e-03
300000 4.925448373793306e-03 4.925448373793306e-03
