2.000000000000000e+009 8.543839743581921e-011 -5.673001782738712e-011
2.001666666666667e+009 8.496714609764474e-011 -5.712062383449572e-011
2.003333333333333e+009 8.449435361905090e-011 -5.750778274298096e-011
2.005000000000000e+009 8.402004369981062e-011 -5.789149058813311e-011
2.006666666666667e+009 8.354424002793555e-011 -5.827174356223278e-011
2.008333333333333e+009 8.306696627866045e-011 -5.864853801423232e-011
2.010000000000000e+009 8.258824611343812e-011 -5.902187044943524e-011
2.011666666666667e+009 8.210810317893405e-011 -5.939173752916499e-011
2.013333333333333e+009 8.162656110602716e-011 -5.975813607043030e-011
2.015000000000000e+009 8.114364350881085e-011 -6.012106304558274e-011
2.016666666666667e+009 8.065937398360254e-011 -6.048051558196976e-011
2.018333333333333e+009 8.017377610795419e-011 -6.083649096157924e-011
2.020000000000000e+009 7.968687343966517e-011 -6.118898662068002e-011
2.021666666666667e+009 7.919868951580376e-011 -6.153800014945498e-011
2.023333333333333e+009 7.870924785172853e-011 -6.188352929162904e-011
2.025000000000000e+009 7.821857194011469e-011 -6.222557194409016e-011
2.026666666666667e+009 7.772668524998546e-011 -6.256412615650518e-011
2.028333333333333e+009 7.723361122574701e-011 -6.289919013092884e-011
2.030000000000000e+009 7.673937328622621e-011 -6.323076222140834e-011
2.031666666666667e+009 7.624399482371509e-011 -6.355884093357994e-011
2.033333333333333e+009 7.574749920301712e-011 -6.388342492426156e-011
2.035000000000000e+009 7.524990976049862e-011 -6.420451300103906e-011
2.036666666666667e+009 7.475124980314423e-011 -6.452210412184562e-011
2.038333333333333e+009 7.425154260761738e-011 -6.483619739453729e-011
2.040000000000000e+009 7.375081141932365e-011 -6.514679207646168e-011
2.041666666666667e+009 7.324907945147980e-011 -6.545388757402071e-011
2.043333333333333e+009 7.274636988418622e-011 -6.575748344222858e-011
2.045000000000000e+009 7.224270586350419e-011 -6.605757938426410e-011
2.046666666666667e+009 7.173811050053771e-011 -6.635417525101651e-011
2.048333333333333e+009 7.123260687051960e-011 -6.664727104062750e-011
2.050000000000000e+009 7.072621801190189e-011 -6.693686689802586e-011
2.051666666666667e+009 7.021896692545072e-011 -6.722296311445752e-011
2.053333333333333e+009 6.971087657334649e-011 -6.750556012701135e-011
2.055000000000000e+009 6.920196987828829e-011 -6.778465851813801e-011
2.056666666666667e+009 6.869226972260115e-011 -6.806025901516308e-011
2.058333333333333e+009 6.818179894735174e-011 -6.833236248979771e-011
2.060000000000000e+009 6.767058035146532e-011 -6.860096995764143e-011
2.061666666666667e+009 6.715863669084791e-011 -6.886608257767945e-011
2.063333333333333e+009 6.664599067751605e-011 -6.912770165177843e-011
2.065000000000000e+009 6.613266497872618e-011 -6.938582862417192e-011
2.066666666666667e+009 6.561868221611460e-011 -6.964046508094586e-011
2.068333333333333e+009 6.510406496483743e-011 -6.989161274951538e-011
2.070000000000000e+009 6.458883575271827e-011 -7.013927349809817e-011
2.071666666666667e+009 6.407301705939980e-011 -7.038344933518259e-011
2.073333333333333e+009 6.355663131549967e-011 -7.062414240899170e-011
2.075000000000000e+009 6.303970090177295e-011 -7.086135500694085e-011
2.076666666666667e+009 6.252224814827757e-011 -7.109508955509135e-011
2.078333333333333e+009 6.200429533354625e-011 -7.132534861760010e-011
2.080000000000000e+009 6.148586468376223e-011 -7.155213489616278e-011
2.081666666666667e+009 6.096697837194207e-011 -7.177545122945411e-011
2.083333333333333e+009 6.044765851712026e-011 -7.199530059256246e-011
2.085000000000000e+009 5.992792718354166e-011 -7.221168609641918e-011
2.086666666666667e+009 5.940780637985835e-011 -7.242461098722542e-011
2.088333333333333e+009 5.888731805833073e-011 -7.263407864587246e-011
2.090000000000000e+009 5.836648411403423e-011 -7.284009258735861e-011
2.091666666666667e+009 5.784532638407258e-011 -7.304265646020190e-011
2.093333333333333e+009 5.732386664679353e-011 -7.324177404584664e-011
2.095000000000000e+009 5.680212662101184e-011 -7.343744925806787e-011
2.096666666666667e+009 5.628012796523723e-011 -7.362968614237025e-011
2.098333333333333e+009 5.575789227690691e-011 -7.381848887538281e-011
2.100000000000000e+009 5.523544109162384e-011 -7.400386176424990e-011
2.101666666666667e+009 5.471279588240023e-011 -7.418580924601691e-011
2.103333333333333e+009 5.418997805890624e-011 -7.436433588701350e-011
2.105000000000000e+009 5.366700896672424e-011 -7.453944638223147e-011
2.106666666666667e+009 5.314390988660864e-011 -7.471114555469898e-011
2.108333333333333e+009 5.262070203374970e-011 -7.487943835485030e-011
2.110000000000000e+009 5.209740655704488e-011 -7.504432985989268e-011
2.111666666666667e+009 5.157404453837412e-011 -7.520582527316807e-011
2.113333333333333e+009 5.105063699188089e-011 -7.536392992351215e-011
2.115000000000000e+009 5.052720486325879e-011 -7.551864926460887e-011
2.116666666666667e+009 5.000376902904368e-011 -7.566998887434002e-011
2.118333333333333e+009 4.948035029591092e-011 -7.581795445413376e-011
2.120000000000000e+009 4.895696939997901e-011 -7.596255182830724e-011
2.121666666666667e+009 4.843364700611762e-011 -7.610378694340718e-011
2.123333333333333e+009 4.791040370726178e-011 -7.624166586754412e-011
2.125000000000000e+009 4.738726002373182e-011 -7.637619478972660e-011
2.126666666666667e+009 4.686423640255803e-011 -7.650738001918942e-011
2.128333333333333e+009 4.634135321681249e-011 -7.663522798471950e-011
2.130000000000000e+009 4.581863076494424e-011 -7.675974523397710e-011
2.131666666666667e+009 4.529608927012223e-011 -7.688093843281565e-011
2.133333333333333e+009 4.477374887958280e-011 -7.699881436459615e-011
2.135000000000000e+009 4.425162966398278e-011 -7.711337992949944e-011
2.136666666666667e+009 4.372975161675868e-011 -7.722464214383540e-011
2.138333333333333e+009 4.320813465349149e-011 -7.733260813934743e-011
2.140000000000000e+009 4.268679861127650e-011 -7.743728516251603e-011
2.141666666666667e+009 4.216576324809989e-011 -7.753868057385676e-011
2.143333333333333e+009 4.164504824222068e-011 -7.763680184721772e-011
2.145000000000000e+009 4.112467319155736e-011 -7.773165656907121e-011
2.146666666666667e+009 4.060465761308175e-011 -7.782325243780493e-011
2.148333333333334e+009 4.008502094221824e-011 -7.791159726300889e-011
2.150000000000000e+009 3.956578253224820e-011 -7.799669896475924e-011
2.151666666666667e+009 3.904696165371992e-011 -7.807856557289965e-011
2.153333333333334e+009 3.852857749386604e-011 -7.815720522632104e-011
2.155000000000000e+009 3.801064915602533e-011 -7.823262617223501e-011
2.156666666666667e+009 3.749319565906977e-011 -7.830483676544942e-011
2.158333333333334e+009 3.697623593683937e-011 -7.837384546763715e-011
2.160000000000000e+009 3.645978883758149e-011 -7.843966084660448e-011
2.161666666666667e+009 3.594387312339550e-011 -7.850229157555631e-011
2.163333333333334e+009 3.542850746968455e-011 -7.856174643235749e-011
2.165000000000000e+009 3.491371046461336e-011 -7.861803429879496e-011
2.166666666666667e+009 3.439950060856968e-011 -7.867116415983381e-011
2.168333333333334e+009 3.388589631363362e-011 -7.872114510287243e-011
2.170000000000000e+009 3.337291590305377e-011 -7.876798631699666e-011
2.171666666666667e+009 3.286057761072521e-011 -7.881169709222902e-011
2.173333333333334e+009 3.234889958067766e-011 -7.885228681877705e-011
2.175000000000000e+009 3.183789986656804e-011 -7.888976498627967e-011
2.176666666666667e+009 3.132759643117733e-011 -7.892414118305077e-011
2.178333333333334e+009 3.081800714591548e-011 -7.895542509532075e-011
2.180000000000000e+009 3.030914979033233e-011 -7.898362650647654e-011
2.181666666666667e+009 2.980104205163181e-011 -7.900875529629724e-011
2.183333333333334e+009 2.929370152419481e-011 -7.903082144019271e-011
2.185000000000000e+009 2.878714570910745e-011 -7.904983500843326e-011
2.186666666666667e+009 2.828139201369383e-011 -7.906580616538432e-011
2.188333333333334e+009 2.777645775105614e-011 -7.907874516873411e-011
2.190000000000000e+009 2.727236013962101e-011 -7.908866236872239e-011
2.191666666666667e+009 2.676911630268957e-011 -7.909556820736567e-011
2.193333333333334e+009 2.626674326799566e-011 -7.909947321768193e-011
2.195000000000000e+009 2.576525796727019e-011 -7.910038802291335e-011
2.196666666666667e+009 2.526467723580908e-011 -7.909832333574672e-011
2.198333333333334e+009 2.476501781204918e-011 -7.909328995753188e-011
2.200000000000000e+009 2.426629633715018e-011 -7.908529877750196e-011
2.201666666666667e+009 2.376852935458096e-011 -7.907436077198555e-011
2.203333333333334e+009 2.327173330971285e-011 -7.906048700362485e-011
2.205000000000000e+009 2.277592454941947e-011 -7.904368862058729e-011
2.206666666666667e+009 2.228111932168131e-011 -7.902397685577693e-011
2.208333333333334e+009 2.178733377519687e-011 -7.900136302604547e-011
2.210000000000000e+009 2.129458395900026e-011 -7.897585853140149e-011
2.211666666666667e+009 2.080288582208289e-011 -7.894747485421691e-011
2.213333333333334e+009 2.031225521302341e-011 -7.891622355843529e-011
2.215000000000000e+009 1.982270787962290e-011 -7.888211628877601e-011
2.216666666666667e+009 1.933425946854467e-011 -7.884516476993907e-011
2.218333333333334e+009 1.884692552496156e-011 -7.880538080580798e-011
2.220000000000000e+009 1.836072149220910e-011 -7.876277627865115e-011
2.221666666666667e+009 1.787566271144352e-011 -7.871736314832465e-011
2.223333333333334e+009 1.739176442130596e-011 -7.866915345146965e-011
2.225000000000000e+009 1.690904175759496e-011 -7.861815930071445e-011
2.226666666666667e+009 1.642750975294102e-011 -7.856439288387080e-011
2.228333333333334e+009 1.594718333648954e-011 -7.850786646313121e-011
2.230000000000000e+009 1.546807733358982e-011 -7.844859237426651e-011
2.231666666666667e+009 1.499020646548859e-011 -7.838658302582122e-011
2.233333333333334e+009 1.451358534903025e-011 -7.832185089830888e-011
2.235000000000000e+009 1.403822849636400e-011 -7.825440854340551e-011
2.236666666666667e+009 1.356415031465470e-011 -7.818426858314473e-011
2.238333333333334e+009 1.309136510580082e-011 -7.811144370910932e-011
2.240000000000000e+009 1.261988706615967e-011 -7.803594668162621e-011
2.241666666666667e+009 1.214973028627561e-011 -7.795779032895563e-011
2.243333333333334e+009 1.168090875061590e-011 -7.787698754648530e-011
2.245000000000000e+009 1.121343633731323e-011 -7.779355129592048e-011
2.246666666666667e+009 1.074732681791222e-011 -7.770749460447465e-011
2.248333333333334e+009 1.028259385712245e-011 -7.761883056405994e-011
2.250000000000000e+009 9.819251012578876e-012 -7.752757233047803e-011
2.251666666666667e+009 9.357311734604849e-012 -7.743373312261009e-011
2.253333333333334e+009 8.896789365984484e-012 -7.733732622160473e-011
2.255000000000000e+009 8.437697141739378e-012 -7.723836497007020e-011
2.256666666666667e+009 7.980048188909574e-012 -7.713686277126102e-011
2.258333333333334e+009 7.523855526343248e-012 -7.703283308826929e-011
2.260000000000000e+009 7.069132064490724e-012 -7.692628944321323e-011
2.261666666666667e+009 6.615890605203345e-012 -7.681724541642554e-011
2.263333333333334e+009 6.164143841540056e-012 -7.670571464564371e-011
2.265000000000000e+009 5.713904357579321e-012 -7.659171082519862e-011
2.266666666666667e+009 5.265184628235211e-012 -7.647524770520492e-011
2.268333333333334e+009 4.817997019080833e-012 -7.635633909074798e-011
2.270000000000000e+009 4.372353786178094e-012 -7.623499884107747e-011
2.271666666666667e+009 3.928267075910518e-012 -7.611124086879324e-011
2.273333333333334e+009 3.485748924824598e-012 -7.598507913903794e-011
2.275000000000000e+009 3.044811259476042e-012 -7.585652766868699e-011
2.276666666666667e+009 2.605465896280449e-012 -7.572560052553867e-011
2.278333333333334e+009 2.167724541371216e-012 -7.559231182750645e-011
2.280000000000000e+009 1.731598790463033e-012 -7.545667574180884e-011
2.281666666666667e+009 1.297100128719555e-012 -7.531870648416315e-011
2.283333333333334e+009 8.642399306287029e-013 -7.517841831797700e-011
2.285000000000000e+009 4.330294598823640e-013 -7.503582555354163e-011
2.286666666666667e+009 3.479869262049709e-015 -7.489094254722507e-011
2.288333333333334e+009 -4.243977994699754e-013 -7.474378370066694e-011
2.290000000000000e+009 -8.505926156729651e-013 -7.459436345997347e-011
2.291666666666667e+009 -1.275093759926705e-012 -7.444269631491182e-011
2.293333333333334e+009 -1.697890524122161e-012 -7.428879679810746e-011
2.295000000000000e+009 -2.118972311548203e-012 -7.413267948424054e-011
2.296666666666667e+009 -2.538328636972483e-012 -7.397435898924454e-011
2.298333333333334e+009 -2.955949126717175e-012 -7.381384996950349e-011
2.300000000000000e+009 -3.371823518727517e-012 -7.365116712105258e-011
2.301666666666667e+009 -3.785941662637970e-012 -7.348632517877821e-011
2.303333333333334e+009 -4.198293519828785e-012 -7.331933891561840e-011
2.305000000000000e+009 -4.608869163480957e-012 -7.315022314176717e-011
2.306666666666667e+009 -5.017658778623496e-012 -7.297899270387536e-011
2.308333333333334e+009 -5.424652662175750e-012 -7.280566248425741e-011
2.310000000000000e+009 -5.829841222984096e-012 -7.263024740009447e-011
2.311666666666667e+009 -6.233214981854746e-012 -7.245276240264240e-011
2.313333333333334e+009 -6.634764571578368e-012 -7.227322247643926e-011
2.315000000000000e+009 -7.034480736951826e-012 -7.209164263851381e-011
2.316666666666667e+009 -7.432354334793132e-012 -7.190803793759591e-011
2.318333333333334e+009 -7.828376333952297e-012 -7.172242345332768e-011
2.320000000000000e+009 -8.222537815314775e-012 -7.153481429547690e-011
2.321666666666667e+009 -8.614829971802947e-012 -7.134522560314927e-011
2.323333333333334e+009 -9.005244108368083e-012 -7.115367254400546e-011
2.325000000000000e+009 -9.393771641981071e-012 -7.096017031347810e-011
2.326666666666667e+009 -9.780404101614606e-012 -7.076473413398749e-011
2.328333333333334e+009 -1.016513312822328e-011 -7.056737925416392e-011
2.330000000000000e+009 -1.054795047471524e-011 -7.036812094806789e-011
2.331666666666667e+009 -1.092884800592133e-011 -7.016697451441191e-011
2.333333333333334e+009 -1.130781769855742e-011 -6.996395527578616e-011
2.335000000000000e+009 -1.168485164118211e-011 -6.975907857788326e-011
2.336666666666667e+009 -1.205994203414970e-011 -6.955235978872631e-011
2.338333333333334e+009 -1.243308118955755e-011 -6.934381429789778e-011
2.340000000000000e+009 -1.280426153118807e-011 -6.913345751577031e-011
2.341666666666667e+009 -1.317347559444647e-011 -6.892130487273937e-011
2.343333333333334e+009 -1.354071602629299e-011 -6.870737181845741e-011
2.345000000000000e+009 -1.390597558516959e-011 -6.849167382107034e-011
2.346666666666667e+009 -1.426924714092325e-011 -6.827422636645486e-011
2.348333333333334e+009 -1.463052367472209e-011 -6.805504495745902e-011
2.350000000000000e+009 -1.498979827896809e-011 -6.783414511314296e-011
2.351666666666667e+009 -1.534706415720478e-011 -6.761154236802311e-011
2.353333333333334e+009 -1.570231462401888e-011 -6.738725227131742e-011
2.355000000000000e+009 -1.605554310493824e-011 -6.716129038619364e-011
2.356666666666667e+009 -1.640674313632469e-011 -6.693367228901730e-011
2.358333333333334e+009 -1.675590836526099e-011 -6.670441356860481e-011
2.360000000000000e+009 -1.710303254943485e-011 -6.647352982547602e-011
2.361666666666667e+009 -1.744810955701630e-011 -6.624103667111097e-011
2.363333333333334e+009 -1.779113336653073e-011 -6.600694972720642e-011
2.365000000000000e+009 -1.813209806672827e-011 -6.577128462493714e-011
2.366666666666667e+009 -1.847099785644732e-011 -6.553405700421737e-011
2.368333333333334e+009 -1.880782704447306e-011 -6.529528251296512e-011
2.370000000000000e+009 -1.914258004939282e-011 -6.505497680636931e-011
2.371666666666667e+009 -1.947525139944479e-011 -6.481315554615851e-011
2.373333333333334e+009 -1.980583573236397e-011 -6.456983439987235e-011
2.375000000000000e+009 -2.013432779522215e-011 -6.432502904013458e-011
2.376666666666667e+009 -2.046072244426356e-011 -6.407875514392954e-011
2.378333333333334e+009 -2.078501464473685e-011 -6.383102839187985e-011
2.380000000000000e+009 -2.110719947072084e-011 -6.358186446752768e-011
2.381666666666667e+009 -2.142727210494782e-011 -6.333127905661780e-011
2.383333333333334e+009 -2.174522783862015e-011 -6.307928784638318e-011
2.385000000000000e+009 -2.206106207122388e-011 -6.282590652483272e-011
2.386666666666667e+009 -2.237477031033799e-011 -6.257115078004238e-011
2.388333333333334e+009 -2.268634817143803e-011 -6.231503629944846e-011
2.390000000000000e+009 -2.299579137769630e-011 -6.205757876914218e-011
2.391666666666667e+009 -2.330309575977751e-011 -6.179879387317000e-011
2.393333333333334e+009 -2.360825725562962e-011 -6.153869729283280e-011
2.395000000000000e+009 -2.391127191027100e-011 -6.127730470599033e-011
2.396666666666667e+009 -2.421213587557291e-011 -6.101463178636778e-011
2.398333333333334e+009 -2.451084541003781e-011 -6.075069420286396e-011
2.400000000000000e+009 -2.480739687857347e-011 -6.048550761886345e-011
2.401666666666667e+009 -2.510178675226251e-011 -6.021908769155149e-011
2.403333333333334e+009 -2.539401160812819e-011 -5.995145007123031e-011
2.405000000000000e+009 -2.568406812889599e-011 -5.968261040064009e-011
2.406666666666667e+009 -2.597195310275077e-011 -5.941258431428105e-011
2.408333333333334e+009 -2.625766342308971e-011 -5.914138743773953e-011
2.410000000000000e+009 -2.654119608827214e-011 -5.886903538701695e-011
2.411666666666667e+009 -2.682254820136391e-011 -5.859554376786008e-011
2.413333333333334e+009 -2.710171696987870e-011 -5.832092817509739e-011
2.415000000000000e+009 -2.737869970551442e-011 -5.804520419197387e-011
2.416666666666667e+009 -2.765349382388753e-011 -5.776838738949373e-011
2.418333333333334e+009 -2.792609684426086e-011 -5.749049332576141e-011
2.420000000000000e+009 -2.819650638926928e-011 -5.721153754533018e-011
2.421666666666667e+009 -2.846472018464067e-011 -5.693153557854914e-011
2.423333333333334e+009 -2.873073605891405e-011 -5.665050294091757e-011
2.425000000000000e+009 -2.899455194315169e-011 -5.636845513243851e-011
2.426666666666667e+009 -2.925616587065041e-011 -5.608540763697883e-011
2.428333333333334e+009 -2.951557597664664e-011 -5.580137592162967e-011
2.430000000000000e+009 -2.977278049801814e-011 -5.551637543607175e-011
2.431666666666667e+009 -3.002777777298382e-011 -5.523042161194323e-011
2.433333333333334e+009 -3.028056624079738e-011 -5.494352986221045e-011
2.435000000000000e+009 -3.053114444143839e-011 -5.465571558054267e-011
2.436666666666667e+009 -3.077951101530027e-011 -5.436699414068898e-011
2.438333333333334e+009 -3.102566470287406e-011 -5.407738089585908e-011
2.440000000000000e+009 -3.126960434442798e-011 -5.378689117810779e-011
2.441666666666667e+009 -3.151132887968459e-011 -5.349554029772144e-011
2.443333333333334e+009 -3.175083734749417e-011 -5.320334354260873e-011
2.445000000000000e+009 -3.198812888550385e-011 -5.291031617769523e-011
2.446666666666667e+009 -3.222320272982375e-011 -5.261647344431863e-011
2.448333333333334e+009 -3.245605821469018e-011 -5.232183055963077e-011
2.450000000000000e+009 -3.268669477212460e-011 -5.202640271600161e-011
2.451666666666667e+009 -3.291511193158952e-011 -5.173020508042527e-011
2.453333333333334e+009 -3.314130931964143e-011 -5.143325279393116e-011
2.455000000000000e+009 -3.336528665957924e-011 -5.113556097099825e-011
2.456666666666667e+009 -3.358704377109122e-011 -5.083714469897221e-011
2.458333333333334e+009 -3.380658056989724e-011 -5.053801903748588e-011
2.460000000000000e+009 -3.402389706738786e-011 -5.023819901788485e-011
2.461666666666667e+009 -3.423899337026104e-011 -4.993769964265349e-011
2.463333333333334e+009 -3.445186968015533e-011 -4.963653588484772e-011
2.465000000000000e+009 -3.466252629327909e-011 -4.933472268752933e-011
2.466666666666667e+009 -3.487096360003788e-011 -4.903227496320425e-011
2.468333333333334e+009 -3.507718208465819e-011 -4.872920759326420e-011
2.470000000000000e+009 -3.528118232480779e-011 -4.842553542743248e-011
2.471666666666667e+009 -3.548296499121309e-011 -4.812127328321245e-011
2.473333333333334e+009 -3.568253084727487e-011 -4.781643594534124e-011
2.475000000000000e+009 -3.587988074867852e-011 -4.751103816524463e-011
2.476666666666667e+009 -3.607501564300402e-011 -4.720509466049759e-011
2.478333333333334e+009 -3.626793656933073e-011 -4.689862011428673e-011
2.480000000000000e+009 -3.645864465784134e-011 -4.659162917487919e-011
2.481666666666667e+009 -3.664714112942087e-011 -4.628413645509110e-011
2.483333333333334e+009 -3.683342729525473e-011 -4.597615653176377e-011
2.485000000000000e+009 -3.701750455642298e-011 -4.566770394524071e-011
2.486666666666667e+009 -3.719937440349217e-011 -4.535879319884973e-011
2.488333333333334e+009 -3.737903841610419e-011 -4.504943875838778e-011
2.490000000000000e+009 -3.755649826256256e-011 -4.473965505161124e-011
2.491666666666667e+009 -3.773175569941624e-011 -4.442945646772781e-011
2.493333333333334e+009 -3.790481257104065e-011 -4.411885735689297e-011
2.495000000000000e+009 -3.807567080921586e-011 -4.380787202971172e-011
2.496666666666667e+009 -3.824433243270272e-011 -4.349651475674053e-011
2.498333333333334e+009 -3.841079954681614e-011 -4.318479976799751e-011
2.500000000000000e+009 -3.857507434299552e-011 -4.287274125247225e-011
2.501666666666667e+009 -3.873715909837383e-011 -4.256035335764240e-011
2.503333333333334e+009 -3.889705617534241e-011 -4.224765018899230e-011
2.505000000000000e+009 -3.905476802111504e-011 -4.193464580953626e-011
2.506666666666667e+009 -3.921029716728951e-011 -4.162135423934559e-011
2.508333333333334e+009 -3.936364622940543e-011 -4.130778945507890e-011
2.510000000000000e+009 -3.951481790650047e-011 -4.099396538951727e-011
2.511666666666667e+009 -3.966381498066575e-011 -4.067989593110194e-011
2.513333333333334e+009 -3.981064031659617e-011 -4.036559492347723e-011
2.515000000000000e+009 -3.995529686114073e-011 -4.005107616503644e-011
2.516666666666667e+009 -4.009778764284989e-011 -3.973635340847111e-011
2.518333333333334e+009 -4.023811577152099e-011 -3.942144036032641e-011
2.520000000000000e+009 -4.037628443774014e-011 -3.910635068055762e-011
2.521666666666667e+009 -4.051229691242477e-011 -3.879109798209247e-011
2.523333333333334e+009 -4.064615654636154e-011 -3.847569583039634e-011
2.525000000000000e+009 -4.077786676974344e-011 -3.816015774304208e-011
2.526666666666667e+009 -4.090743109170421e-011 -3.784449718928320e-011
2.528333333333334e+009 -4.103485309985168e-011 -3.752872758963096e-011
2.530000000000000e+009 -4.116013645979829e-011 -3.721286231543661e-011
2.531666666666667e+009 -4.128328491469009e-011 -3.689691468847520e-011
2.533333333333334e+009 -4.140430228473417e-011 -3.658089798053593e-011
2.535000000000000e+009 -4.152319246672276e-011 -3.626482541301491e-011
2.536666666666667e+009 -4.163995943355788e-011 -3.594871015651138e-011
2.538333333333334e+009 -4.175460723377177e-011 -3.563256533042982e-011
2.540000000000000e+009 -4.186713999104721e-011 -3.531640400258491e-011
2.541666666666667e+009 -4.197756190373573e-011 -3.500023918880979e-011
2.543333333333334e+009 -4.208587724437293e-011 -3.468408385256898e-011
2.545000000000000e+009 -4.219209035919438e-011 -3.436795090457645e-011
2.546666666666667e+009 -4.229620566764750e-011 -3.405185320241471e-011
2.548333333333334e+009 -4.239822766190341e-011 -3.373580355016121e-011
2.550000000000000e+009 -4.249816090636694e-011 -3.341981469801701e-011
2.551666666666667e+009 -4.259601003718392e-011 -3.310389934193865e-011
2.553333333333334e+009 -4.269177976174878e-011 -3.278807012327593e-011
2.555000000000000e+009 -4.278547485820929e-011 -3.247233962841298e-011
2.556666666666667e+009 -4.287710017497009e-011 -3.215672038841185e-011
2.558333333333334e+009 -4.296666063019548e-011 -3.184122487866287e-011
2.560000000000000e+009 -4.305416121130962e-011 -3.152586551853688e-011
2.561666666666667e+009 -4.313960697449619e-011 -3.121065467104169e-011
2.563333333333334e+009 -4.322300304419712e-011 -3.089560464248406e-011
2.565000000000000e+009 -4.330435461260839e-011 -3.058072768213370e-011
2.566666666666667e+009 -4.338366693917616e-011 -3.026603598189267e-011
2.568333333333334e+009 -4.346094535009128e-011 -2.995154167596808e-011
2.570000000000000e+009 -4.353619523778151e-011 -2.963725684054956e-011
2.571666666666667e+009 -4.360942206040384e-011 -2.932319349348977e-011
2.573333333333334e+009 -4.368063134133514e-011 -2.900936359398949e-011
2.575000000000000e+009 -4.374982866866187e-011 -2.869577904228710e-011
2.576666666666667e+009 -4.381701969466808e-011 -2.838245167935104e-011
2.578333333333334e+009 -4.388221013532289e-011 -2.806939328657733e-011
2.580000000000000e+009 -4.394540576976687e-011 -2.775661558549072e-011
2.581666666666667e+009 -4.400661243979750e-011 -2.744413023744961e-011
2.583333333333334e+009 -4.406583604935300e-011 -2.713194884335515e-011
2.585000000000000e+009 -4.412308256399599e-011 -2.682008294336476e-011
2.586666666666667e+009 -4.417835801039592e-011 -2.650854401660897e-011
2.588333333333334e+009 -4.423166847581006e-011 -2.619734348091263e-011
2.590000000000000e+009 -4.428302010756506e-011 -2.588649269252098e-011
2.591666666666667e+009 -4.433241911253570e-011 -2.557600294582734e-011
2.593333333333334e+009 -4.437987175662454e-011 -2.526588547310800e-011
2.595000000000000e+009 -4.442538436423994e-011 -2.495615144425826e-011
2.596666666666667e+009 -4.446896331777378e-011 -2.464681196653443e-011
2.598333333333334e+009 -4.451061505707704e-011 -2.433787808429882e-011
2.600000000000000e+009 -4.455034607893731e-011 -2.402936077876915e-011
2.601666666666667e+009 -4.458816293655347e-011 -2.372127096777186e-011
2.603333333333334e+009 -4.462407223900978e-011 -2.341361950549917e-011
2.605000000000000e+009 -4.465808065075154e-011 -2.310641718227061e-011
2.606666666666667e+009 -4.469019489105653e-011 -2.279967472429824e-011
2.608333333333334e+009 -4.472042173351007e-011 -2.249340279345574e-011
2.610000000000000e+009 -4.474876800547586e-011 -2.218761198705222e-011
2.611666666666667e+009 -4.477524058756910e-011 -2.188231283760872e-011
2.613333333333334e+009 -4.479984641312660e-011 -2.157751581263961e-011
2.615000000000000e+009 -4.482259246767962e-011 -2.127323131443824e-011
2.616666666666667e+009 -4.484348578842276e-011 -2.096946967986548e-011
2.618333333333334e+009 -4.486253346368527e-011 -2.066624118014298e-011
2.620000000000000e+009 -4.487974263240076e-011 -2.036355602065086e-011
2.621666666666667e+009 -4.489512048357618e-011 -2.006142434072754e-011
2.623333333333334e+009 -4.490867425576212e-011 -1.975985621347587e-011
2.625000000000000e+009 -4.492041123652081e-011 -1.945886164557103e-011
2.626666666666667e+009 -4.493033876189551e-011 -1.915845057707446e-011
2.628333333333334e+009 -4.493846421587853e-011 -1.885863288124916e-011
2.630000000000000e+009 -4.494479502988041e-011 -1.855941836438217e-011
2.631666666666667e+009 -4.494933868219682e-011 -1.826081676560764e-011
2.633333333333334e+009 -4.495210269747796e-011 -1.796283775673594e-011
2.635000000000000e+009 -4.495309464619583e-011 -1.766549094208652e-011
2.636666666666667e+009 -4.495232214411183e-011 -1.736878585832335e-011
2.638333333333334e+009 -4.494979285174537e-011 -1.707273197429570e-011
2.640000000000000e+009 -4.494551447384066e-011 -1.677733869088224e-011
2.641666666666667e+009 -4.493949475883518e-011 -1.648261534083869e-011
2.643333333333334e+009 -4.493174149832795e-011 -1.618857118864996e-011
2.645000000000000e+009 -4.492226252654595e-011 -1.589521543038572e-011
2.646666666666667e+009 -4.491106571981337e-011 -1.560255719355982e-011
2.648333333333334e+009 -4.489815899601917e-011 -1.531060553699387e-011
2.650000000000000e+009 -4.488355031408535e-011 -1.501936945068470e-011
2.651666666666667e+009 -4.486724767343515e-011 -1.472885785567474e-011
2.653333333333334e+009 -4.484925911346170e-011 -1.443907960392747e-011
2.655000000000000e+009 -4.482959271299677e-011 -1.415004347820588e-011
2.656666666666667e+009 -4.480825658977971e-011 -1.386175819195512e-011
2.658333333333334e+009 -4.478525889992706e-011 -1.357423238918866e-011
2.660000000000000e+009 -4.476060783740149e-011 -1.328747464437838e-011
2.661666666666667e+009 -4.473431163348187e-011 -1.300149346234837e-011
2.663333333333334e+009 -4.470637855623372e-011 -1.271629727817252e-011
2.665000000000000e+009 -4.467681690997950e-011 -1.243189445707630e-011
2.666666666666667e+009 -4.464563503476949e-011 -1.214829329434115e-011
2.668333333333334e+009 -4.461284130585322e-011 -1.186550201521377e-011
2.670000000000000e+009 -4.457844413315172e-011 -1.158352877481890e-011
2.671666666666667e+009 -4.454245196072916e-011 -1.130238165807521e-011
2.673333333333334e+009 -4.450487326626564e-011 -1.102206867961498e-011
2.675000000000000e+009 -4.446571656053077e-011 -1.074259778370892e-011
2.676666666666667e+009 -4.442499038685770e-011 -1.046397684419245e-011
2.678333333333334e+009 -4.438270332061642e-011 -1.018621366439721e-011
2.680000000000000e+009 -4.433886396869001e-011 -9.909315977085679e-012
2.681666666666667e+009 -4.429348096894948e-011 -9.633291444389796e-012
2.683333333333334e+009 -4.424656298973009e-011 -9.358147657752008e-012
2.685000000000000e+009 -4.419811872930812e-011 -9.083892137872429e-012
2.686666666666667e+009 -4.414815691537861e-011 -8.810532334656769e-012
2.688333333333334e+009 -4.409668630453354e-011 -8.538075627169574e-012
2.690000000000000e+009 -4.404371568174069e-011 -8.266529323590995e-012
2.691666666666667e+009 -4.398925385982341e-011 -7.995900661176527e-012
2.693333333333334e+009 -4.393330967894126e-011 -7.726196806220114e-012
2.695000000000000e+009 -4.387589200607123e-011 -7.457424854022401e-012
2.696666666666667e+009 -4.381700973448943e-011 -7.189591828860404e-012
2.698333333333334e+009 -4.375667178325509e-011 -6.922704683962047e-012
2.700000000000000e+009 -4.369488709669332e-011 -6.656770301484184e-012
2.701666666666667e+009 -4.363166464388036e-011 -6.391795492493439e-012
2.703333333333334e+009 -4.356701341812917e-011 -6.127786996950904e-012
2.705000000000000e+009 -4.350094243647584e-011 -5.864751483700786e-012
2.706666666666667e+009 -4.343346073916708e-011 -5.602695550461510e-012
2.708333333333334e+009 -4.336457738914915e-011 -5.341625723821223e-012
2.710000000000000e+009 -4.329430147155674e-011 -5.081548459236350e-012
2.711666666666667e+009 -4.322264209320420e-011 -4.822470141033505e-012
2.713333333333334e+009 -4.314960838207610e-011 -4.564397082414375e-012
2.715000000000000e+009 -4.307520948682106e-011 -4.307335525465415e-012
2.716666666666667e+009 -4.299945457624425e-011 -4.051291641169506e-012
2.718333333333334e+009 -4.292235283880336e-011 -3.796271529421236e-012
2.720000000000000e+009 -4.284391348210353e-011 -3.542281219046667e-012
2.721666666666667e+009 -4.276414573239504e-011 -3.289326667824534e-012
2.723333333333334e+009 -4.268305883407166e-011 -3.037413762512253e-012
2.725000000000000e+009 -4.260066204916931e-011 -2.786548318875240e-012
2.726666666666667e+009 -4.251696465686794e-011 -2.536736081718352e-012
2.728333333333334e+009 -4.243197595299219e-011 -2.287982724921579e-012
2.730000000000000e+009 -4.234570524951533e-011 -2.040293851478880e-012
2.731666666666667e+009 -4.225816187406354e-011 -1.793674993540098e-012
2.733333333333334e+009 -4.216935516942112e-011 -1.548131612455858e-012
2.735000000000000e+009 -4.207929449303826e-011 -1.303669098826676e-012
2.736666666666667e+009 -4.198798921653851e-011 -1.060292772553783e-012
2.738333333333334e+009 -4.189544872522941e-011 -8.180078828943652e-013
2.740000000000000e+009 -4.180168241761299e-011 -5.768196085195955e-013
2.741666666666667e+009 -4.170669970489824e-011 -3.367330575753660e-013
2.743333333333334e+009 -4.161051001051456e-011 -9.775326774706242e-014
2.745000000000000e+009 -4.151312276962822e-011 1.401147936731692e-013
2.746666666666667e+009 -4.141454742865773e-011 3.768662297161388e-013
2.748333333333334e+009 -4.131479344479298e-011 6.124962136619405e-013
2.750000000000000e+009 -4.121387028551450e-011 8.469999889628528e-013
2.751666666666667e+009 -4.111178742811430e-011 1.080372869164231e-012
2.753333333333334e+009 -4.100855435921918e-011 1.312610237821351e-012
2.755000000000000e+009 -4.090418057431476e-011 1.543707548413265e-012
2.756666666666667e+009 -4.079867557727060e-011 1.773660324254829e-012
2.758333333333334e+009 -4.069204887986847e-011 2.002464158404219e-012
2.760000000000000e+009 -4.058431000133065e-011 2.230114713567904e-012
2.761666666666667e+009 -4.047546846785048e-011 2.456607722004007e-012
2.763333333333334e+009 -4.036553381212474e-011 2.681938985420308e-012
2.765000000000000e+009 -4.025451557288764e-011 2.906104374871294e-012
2.766666666666667e+009 -4.014242329444516e-011 3.129099830651507e-012
2.768333333333334e+009 -4.002926652621360e-011 3.350921362186091e-012
2.770000000000000e+009 -3.991505482225715e-011 3.571565047918405e-012
2.771666666666667e+009 -3.979979774082919e-011 3.791027035195092e-012
2.773333333333334e+009 -3.968350484391429e-011 4.009303540147707e-012
2.775000000000000e+009 -3.956618569677181e-011 4.226390847572206e-012
2.776666666666667e+009 -3.944784986748183e-011 4.442285310805002e-012
2.778333333333334e+009 -3.932850692649296e-011 4.656983351597032e-012
2.780000000000000e+009 -3.920816644617112e-011 4.870481459983761e-012
2.781666666666667e+009 -3.908683800035060e-011 5.082776194154379e-012
2.783333333333334e+009 -3.896453116388735e-011 5.293864180316032e-012
2.785000000000000e+009 -3.884125551221327e-011 5.503742112556923e-012
2.786666666666667e+009 -3.871702062089276e-011 5.712406752706276e-012
2.788333333333334e+009 -3.859183606518142e-011 5.919854930191455e-012
2.790000000000000e+009 -3.846571141958629e-011 6.126083541892354e-012
2.791666666666667e+009 -3.833865625742746e-011 6.331089551993964e-012
2.793333333333334e+009 -3.821068015040260e-011 6.534869991834858e-012
2.795000000000000e+009 -3.808179266815314e-011 6.737421959754259e-012
2.796666666666667e+009 -3.795200337783186e-011 6.938742620936331e-012
2.798333333333334e+009 -3.782132184367252e-011 7.138829207251646e-012
2.800000000000000e+009 -3.768975762656230e-011 7.337679017095718e-012
2.801666666666667e+009 -3.755732028361497e-011 7.535289415226134e-012
2.803333333333334e+009 -3.742401936774696e-011 7.731657832596160e-012
2.805000000000000e+009 -3.728986442725518e-011 7.926781766186180e-012
2.806666666666667e+009 -3.715486500539653e-011 8.120658778832646e-012
2.808333333333334e+009 -3.701903063997006e-011 8.313286499054932e-012
2.810000000000000e+009 -3.688237086290075e-011 8.504662620878966e-012
2.811666666666667e+009 -3.674489519982484e-011 8.694784903659228e-012
2.813333333333334e+009 -3.660661316967838e-011 8.883651171898017e-012
2.815000000000000e+009 -3.646753428428739e-011 9.071259315061908e-012
2.816666666666667e+009 -3.632766804795910e-011 9.257607287396835e-012
2.818333333333334e+009 -3.618702395707738e-011 9.442693107740253e-012
2.820000000000000e+009 -3.604561149969784e-011 9.626514859330269e-012
2.821666666666667e+009 -3.590344015514697e-011 9.809070689614241e-012
2.823333333333334e+009 -3.576051939362281e-011 9.990358810053625e-012
2.825000000000000e+009 -3.561685867579710e-011 1.017037749592632e-011
2.826666666666667e+009 -3.547246745242059e-011 1.034912508612865e-011
2.828333333333334e+009 -3.532735516393016e-011 1.052659998297300e-011
2.830000000000000e+009 -3.518153124005747e-011 1.070280065198467e-011
2.831666666666667e+009 -3.503500509944106e-011 1.087772562169560e-011
2.833333333333334e+009 -3.488778614923932e-011 1.105137348343683e-011
2.835000000000000e+009 -3.473988378474674e-011 1.122374289112781e-011
2.836666666666667e+009 -3.459130738901187e-011 1.139483256106461e-011
2.838333333333334e+009 -3.444206633245718e-011 1.156464127170520e-011
2.840000000000000e+009 -3.429216997250238e-011 1.173316786345313e-011
2.841666666666667e+009 -3.414162765318820e-011 1.190041123843895e-011
2.843333333333334e+009 -3.399044870480388e-011 1.206637036029950e-011
2.845000000000000e+009 -3.383864244351654e-011 1.223104425395528e-011
2.846666666666667e+009 -3.368621817100268e-011 1.239443200538611e-011
2.848333333333334e+009 -3.353318517408160e-011 1.255653276140393e-011
2.850000000000000e+009 -3.337955272435186e-011 1.271734572942499e-011
2.851666666666667e+009 -3.322533007782998e-011 1.287687017723853e-011
2.853333333333334e+009 -3.307052647459041e-011 1.303510543277472e-011
2.855000000000000e+009 -3.291515113840941e-011 1.319205088387012e-011
2.856666666666667e+009 -3.275921327641004e-011 1.334770597803159e-011
2.858333333333334e+009 -3.260272207870957e-011 1.350207022219790e-011
2.860000000000000e+009 -3.244568671807023e-011 1.365514318249985e-011
2.861666666666667e+009 -3.228811634955110e-011 1.380692448401848e-011
2.863333333333334e+009 -3.213002011016302e-011 1.395741381054131e-011
2.865000000000000e+009 -3.197140711852601e-011 1.410661090431697e-011
2.866666666666667e+009 -3.181228647452833e-011 1.425451556580814e-011
2.868333333333334e+009 -3.165266725898866e-011 1.440112765344224e-011
2.870000000000000e+009 -3.149255853332037e-011 1.454644708336128e-011
2.871666666666667e+009 -3.133196933919822e-011 1.469047382916884e-011
2.873333333333334e+009 -3.117090869822718e-011 1.483320792167664e-011
2.875000000000000e+009 -3.100938561161448e-011 1.497464944864814e-011
2.876666666666667e+009 -3.084740905984279e-011 1.511479855454164e-011
2.878333333333334e+009 -3.068498800234719e-011 1.525365544025109e-011
2.880000000000000e+009 -3.052213137719374e-011 1.539122036284535e-011
2.881666666666667e+009 -3.035884810076036e-011 1.552749363530606e-011
2.883333333333334e+009 -3.019514706742098e-011 1.566247562626393e-011
2.885000000000000e+009 -3.003103714923131e-011 1.579616675973303e-011
2.886666666666667e+009 -2.986652719561725e-011 1.592856751484441e-011
2.888333333333334e+009 -2.970162603306616e-011 1.605967842557730e-011
2.890000000000000e+009 -2.953634246482029e-011 1.618950008048956e-011
2.891666666666667e+009 -2.937068527057228e-011 1.631803312244593e-011
2.893333333333334e+009 -2.920466320616429e-011 1.644527824834574e-011
2.895000000000000e+009 -2.903828500328812e-011 1.657123620884815e-011
2.896666666666667e+009 -2.887155936918887e-011 1.669590780809683e-011
2.898333333333334e+009 -2.870449498637075e-011 1.681929390344302e-011
2.900000000000000e+009 -2.853710051230550e-011 1.694139540516699e-011
2.901666666666667e+009 -2.836938457914282e-011 1.706221327619804e-011
2.903333333333334e+009 -2.820135579342419e-011 1.718174853183390e-011
2.905000000000000e+009 -2.803302273579832e-011 1.730000223945811e-011
2.906666666666667e+009 -2.786439396073931e-011 1.741697551825624e-011
2.908333333333334e+009 -2.769547799626826e-011 1.753266953893124e-011
2.910000000000000e+009 -2.752628334367545e-011 1.764708552341708e-011
2.911666666666667e+009 -2.735681847724687e-011 1.776022474459105e-011
2.913333333333334e+009 -2.718709184399274e-011 1.787208852598592e-011
2.915000000000000e+009 -2.701711186337797e-011 1.798267824149901e-011
2.916666666666667e+009 -2.684688692705558e-011 1.809199531510217e-011
2.918333333333334e+009 -2.667642539860273e-011 1.820004122054919e-011
2.920000000000000e+009 -2.650573561325960e-011 1.830681748108266e-011
2.921666666666667e+009 -2.633482587766951e-011 1.841232566913936e-011
2.923333333333334e+009 -2.616370446962294e-011 1.851656740605503e-011
2.925000000000000e+009 -2.599237963780400e-011 1.861954436176784e-011
2.926666666666667e+009 -2.582085960153811e-011 1.872125825452041e-011
2.928333333333334e+009 -2.564915255054358e-011 1.882171085056194e-011
2.930000000000000e+009 -2.547726664468546e-011 1.892090396384757e-011
2.931666666666667e+009 -2.530521001373176e-011 1.901883945573863e-011
2.933333333333334e+009 -2.513299075711153e-011 1.911551923470062e-011
2.935000000000000e+009 -2.496061694367714e-011 1.921094525600057e-011
2.936666666666667e+009 -2.478809661146734e-011 1.930511952140365e-011
2.938333333333334e+009 -2.461543776747396e-011 1.939804407886903e-011
2.940000000000000e+009 -2.444264838741114e-011 1.948972102224420e-011
2.941666666666667e+009 -2.426973641548617e-011 1.958015249095872e-011
2.943333333333334e+009 -2.409670976417383e-011 1.966934066971769e-011
2.945000000000000e+009 -2.392357631399346e-011 1.975728778819332e-011
2.946666666666667e+009 -2.375034391328735e-011 1.984399612071667e-011
2.948333333333334e+009 -2.357702037800256e-011 1.992946798596795e-011
2.950000000000000e+009 -2.340361349147569e-011 2.001370574666608e-011
2.951666666666667e+009 -2.323013100421918e-011 2.009671180925808e-011
2.953333333333334e+009 -2.305658063371047e-011 2.017848862360679e-011
2.955000000000000e+009 -2.288297006418457e-011 2.025903868267902e-011
2.956666666666667e+009 -2.270930694642789e-011 2.033836452223166e-011
2.958333333333334e+009 -2.253559889757529e-011 2.041646872049848e-011
2.960000000000000e+009 -2.236185350090982e-011 2.049335389787468e-011
2.961666666666667e+009 -2.218807830566477e-011 2.056902271660287e-011
2.963333333333334e+009 -2.201428082682802e-011 2.064347788045614e-011
2.965000000000000e+009 -2.184046854494939e-011 2.071672213442238e-011
2.966666666666667e+009 -2.166664890595044e-011 2.078875826438704e-011
2.968333333333334e+009 -2.149282932093634e-011 2.085958909681526e-011
2.970000000000000e+009 -2.131901716601103e-011 2.092921749843425e-011
2.971666666666667e+009 -2.114521978209434e-011 2.099764637591413e-011
2.973333333333334e+009 -2.097144447474179e-011 2.106487867554916e-011
2.975000000000000e+009 -2.079769851396720e-011 2.113091738293765e-011
2.976666666666667e+009 -2.062398913406732e-011 2.119576552266216e-011
2.978333333333334e+009 -2.045032353344923e-011 2.125942615796857e-011
2.980000000000000e+009 -2.027670887446092e-011 2.132190239044537e-011
2.981666666666667e+009 -2.010315228322278e-011 2.138319735970164e-011
2.983333333333334e+009 -1.992966084946343e-011 2.144331424304579e-011
2.985000000000000e+009 -1.975624162635701e-011 2.150225625516287e-011
2.986666666666667e+009 -1.958290163036325e-011 2.156002664779192e-011
2.988333333333334e+009 -1.940964784106940e-011 2.161662870940328e-011
2.990000000000000e+009 -1.923648720103667e-011 2.167206576487481e-011
2.991666666666667e+009 -1.906342661564627e-011 2.172634117516873e-011
2.993333333333334e+009 -1.889047295295056e-011 2.177945833700731e-011
2.995000000000000e+009 -1.871763304352524e-011 2.183142068254867e-011
2.996666666666667e+009 -1.854491368032441e-011 2.188223167906274e-011
2.998333333333334e+009 -1.837232161853798e-011 2.193189482860597e-011
3.000000000000000e+009 -1.819986357545212e-011 2.198041366769643e-011
