2.000000000000000e+09 7.623707892107838e-02 1.305418994975125e-01
2.001666666666667e+09 7.688173049975652e-02 1.306162993683720e-01
2.003333333333333e+09 7.753570593327982e-02 1.306842240950183e-01
2.005000000000000e+09 7.819911633938215e-02 1.307453789605598e-01
2.006666666666667e+09 7.887207147104480e-02 1.307994562966694e-01
2.008333333333333e+09 7.955467710432480e-02 1.308461345208706e-01
2.010000000000000e+09 8.024703318850195e-02 1.308850793768679e-01
2.011666666666667e+09 8.094923417150097e-02 1.309159454467760e-01
2.013333333333333e+09 8.166137050128873e-02 1.309383758732964e-01
2.015000000000000e+09 8.238352907640668e-02 1.309520002009725e-01
2.016666666666667e+09 8.311579151467664e-02 1.309564322170835e-01
2.018333333333333e+09 8.385823131955165e-02 1.309512696851710e-01
2.020000000000000e+09 8.461091212027470e-02 1.309360959795866e-01
2.021666666666667e+09 8.537388810157216e-02 1.309104817480216e-01
2.023333333333333e+09 8.614720559715464e-02 1.308739846729456e-01
2.025000000000000e+09 8.693090366916338e-02 1.308261471867432e-01
2.026666666666667e+09 8.772501239849809e-02 1.307664938924427e-01
2.028333333333333e+09 8.852954967109022e-02 1.306945306746750e-01
2.030000000000000e+09 8.934451851389776e-02 1.306097458851905e-01
2.031666666666667e+09 9.016990635681914e-02 1.305116120928414e-01
2.033333333333333e+09 9.100568565318691e-02 1.303995864698474e-01
2.035000000000000e+09 9.185181392069479e-02 1.302731093099126e-01
2.036666666666667e+09 9.270823175107648e-02 1.301316020950898e-01
2.038333333333333e+09 9.357485924590932e-02 1.299744671479806e-01
2.040000000000000e+09 9.445159292320536e-02 1.298010896078153e-01
2.041666666666667e+09 9.533830492691921e-02 1.296108403722561e-01
2.043333333333333e+09 9.623484446482911e-02 1.294030776091675e-01
2.045000000000000e+09 9.714103939887760e-02 1.291771454285769e-01
2.046666666666667e+09 9.805669552342021e-02 1.289323705509538e-01
2.048333333333333e+09 9.898159265274918e-02 1.286680594836721e-01
2.050000000000000e+09 9.991547893458834e-02 1.283834984733859e-01
2.051666666666667e+09 1.008580660051053e-01 1.280779565641836e-01
2.053333333333333e+09 1.018090268395945e-01 1.277506900092948e-01
2.055000000000000e+09 1.027679961372207e-01 1.274009456154466e-01
2.056666666666667e+09 1.037345714001275e-01 1.270279616882426e-01
2.058333333333333e+09 1.047083126772212e-01 1.266309670877409e-01
2.060000000000000e+09 1.056887401283200e-01 1.262091800893640e-01
2.061666666666667e+09 1.066753300401291e-01 1.257618086022404e-01
2.063333333333333e+09 1.076675106446681e-01 1.252880522473095e-01
2.065000000000000e+09 1.086646588225350e-01 1.247871057811518e-01
2.066666666666667e+09 1.096660980429547e-01 1.242581629686628e-01
2.068333333333333e+09 1.106710973139166e-01 1.237004201766606e-01
2.070000000000000e+09 1.116788706611346e-01 1.231130792771105e-01
2.071666666666667e+09 1.126885765334774e-01 1.224953497231205e-01
2.073333333333333e+09 1.136993164512466e-01 1.218464500233312e-01
2.075000000000000e+09 1.147101323955429e-01 1.211656093601150e-01
2.076666666666667e+09 1.157200031067543e-01 1.204520704492088e-01
2.078333333333333e+09 1.167278403654701e-01 1.197050944139123e-01
2.080000000000000e+09 1.177324867358469e-01 1.189239673677393e-01
2.081666666666667e+09 1.187327155832232e-01 1.181080072549650e-01
2.083333333333333e+09 1.197272327175268e-01 1.172565692969604e-01
2.085000000000000e+09 1.207146778787297e-01 1.163690495176211e-01
2.086666666666667e+09 1.216936245160696e-01 1.154448875036881e-01
2.088333333333333e+09 1.226625778764315e-01 1.144835703969151e-01
2.090000000000000e+09 1.236199730608318e-01 1.134846393144172e-01
2.091666666666667e+09 1.245641750068586e-01 1.124476975606618e-01
2.093333333333333e+09 1.254934810118613e-01 1.113724187019923e-01
2.095000000000000e+09 1.264061246000024e-01 1.102585529648260e-01
2.096666666666667e+09 1.273002788785434e-01 1.091059321285865e-01
2.098333333333333e+09 1.281740586044242e-01 1.079144745384412e-01
2.100000000000000e+09 1.290255219651724e-01 1.066841917193102e-01
2.101666666666667e+09 1.298526738815555e-01 1.054151964892432e-01
2.103333333333333e+09 1.306534717067699e-01 1.041077109678474e-01
2.105000000000000e+09 1.314258324314035e-01 1.027620728973580e-01
2.106666666666667e+09 1.321676396111559e-01 1.013787402201879e-01
2.108333333333333e+09 1.328767490867653e-01 9.995829541443163e-02
2.110000000000000e+09 1.335509943517597e-01 9.850145116507796e-02
2.111666666666667e+09 1.341881934265398e-01 9.700905745380362e-02
2.113333333333333e+09 1.347861583509361e-01 9.548210850693319e-02
2.115000000000000e+09 1.353427066278061e-01 9.392174780831437e-02
2.116666666666667e+09 1.358556728320308e-01 9.232927075206053e-02
2.118333333333333e+09 1.363229191688917e-01 9.070612613813035e-02
2.120000000000000e+09 1.367423454050732e-01 8.905391805373289e-02
2.121666666666667e+09 1.371118996869582e-01 8.737440848482773e-02
2.123333333333333e+09 1.374295912937807e-01 8.566951950763449e-02
2.125000000000000e+09 1.376935049071719e-01 8.394133357949601e-02
2.126666666666667e+09 1.379018150180659e-01 8.219209150532542e-02
2.128333333333333e+09 1.380527995338692e-01 8.042418892470163e-02
2.130000000000000e+09 1.381448528970761e-01 7.864017233492880e-02
2.131666666666667e+09 1.381764996758256e-01 7.684273466270064e-02
2.133333333333333e+09 1.381464089460943e-01 7.503470942700982e-02
2.135000000000000e+09 1.380534086341067e-01 7.321906275230397e-02
2.136666666666667e+09 1.378964987318468e-01 7.139888368956043e-02
2.138333333333333e+09 1.376748633868763e-01 6.957737407255055e-02
2.140000000000000e+09 1.373878831666622e-01 6.775783838326838e-02
2.141666666666667e+09 1.370351486968968e-01 6.594367237355765e-02
2.143333333333333e+09 1.366164750721696e-01 6.413834831976378e-02
2.145000000000000e+09 1.361319145230802e-01 6.234539603815858e-02
2.146666666666667e+09 1.355817648632514e-01 6.056838135366026e-02
2.148333333333334e+09 1.349665736345576e-01 5.881088521084266e-02
2.150000000000000e+09 1.342871406501479e-01 5.707648532379669e-02
2.151666666666667e+09 1.335445221101658e-01 5.536873899009524e-02
2.153333333333334e+09 1.327400368176812e-01 5.369116333142112e-02
2.155000000000000e+09 1.318752713503883e-01 5.204721015643692e-02
2.156666666666667e+09 1.309520796522287e-01 5.044023639680956e-02
2.158333333333334e+09 1.299725748799962e-01 4.887347449785222e-02
2.160000000000000e+09 1.289391156059708e-01 4.735000717970885e-02
2.161666666666667e+09 1.278542909572900e-01 4.587274748058057e-02
2.163333333333334e+09 1.267209077787838e-01 4.444442099222868e-02
2.165000000000000e+09 1.255419787867097e-01 4.306754623611522e-02
2.166666666666667e+09 1.243207076470118e-01 4.174441202180373e-02
2.168333333333334e+09 1.230604676689779e-01 4.047705471842454e-02
2.170000000000000e+09 1.217647745950626e-01 3.926723996174680e-02
2.171666666666667e+09 1.204372573065224e-01 3.811645107108007e-02
2.173333333333334e+09 1.190816301884631e-01 3.702588255415351e-02
2.175000000000000e+09 1.177016676801767e-01 3.599643515858172e-02
2.176666666666667e+09 1.163011783512629e-01 3.502871064580671e-02
2.178333333333334e+09 1.148839757307676e-01 3.412300801567963e-02
2.180000000000000e+09 1.134538461322657e-01 3.327932480460643e-02
2.181666666666667e+09 1.120145169436241e-01 3.249736545951847e-02
2.183333333333334e+09 1.105696291985855e-01 3.177655515641398e-02
2.185000000000000e+09 1.091227153796551e-01 3.111605517973898e-02
2.186666666666667e+09 1.076771800080606e-01 3.051477716682101e-02
2.188333333333334e+09 1.062362798019248e-01 2.997139695975336e-02
2.190000000000000e+09 1.048031026745919e-01 2.948437122343579e-02
2.191666666666667e+09 1.033805481906127e-01 2.905195912323274e-02
2.193333333333334e+09 1.019713131356892e-01 2.867224804395015e-02
2.195000000000000e+09 1.005778836245841e-01 2.834317965815727e-02
2.196666666666667e+09 9.920253173360706e-02 2.806257304537656e-02
2.198333333333334e+09 9.784731311015984e-02 2.782814458669996e-02
2.200000000000000e+09 9.651406365709737e-02 2.763752720654771e-02
2.201666666666667e+09 9.520439657187228e-02 2.748829167287130e-02
2.203333333333334e+09 9.391970279357112e-02 2.737797011500108e-02
2.205000000000000e+09 9.266115673512237e-02 2.730407909366146e-02
2.206666666666667e+09 9.142972621033460e-02 2.726413898929400e-02
2.208333333333334e+09 9.022618336115050e-02 2.725568856138744e-02
2.210000000000000e+09 8.905111386942363e-02 2.727629635425579e-02
2.211666666666667e+09 8.790492418125810e-02 2.732357180856737e-02
2.213333333333334e+09 8.678784869299655e-02 2.739517772483538e-02
2.215000000000000e+09 8.569995912280566e-02 2.748884341580017e-02
2.216666666666667e+09 8.464117672935303e-02 2.760237646297135e-02
2.218333333333334e+09 8.361128618555948e-02 2.773367137897547e-02
2.220000000000000e+09 8.260994921495947e-02 2.788071498438629e-02
2.221666666666667e+09 8.163671674643794e-02 2.804158956048057e-02
2.223333333333334e+09 8.069103945800553e-02 2.821447506638505e-02
2.225000000000000e+09 7.977227724966915e-02 2.839765118327402e-02
2.226666666666667e+09 7.887970823437272e-02 2.858949938411628e-02
2.228333333333334e+09 7.801253766852485e-02 2.878850496963199e-02
2.230000000000000e+09 7.716990716464545e-02 2.899325887321134e-02
2.231666666666667e+09 7.635090440446766e-02 2.920245879494593e-02
2.233333333333334e+09 7.555457315825294e-02 2.941490904695534e-02
2.235000000000000e+09 7.477992286411657e-02 2.962951875863768e-02
2.236666666666667e+09 7.402593686122695e-02 2.984529882710333e-02
2.238333333333334e+09 7.329157893954066e-02 3.006135865334401e-02
2.240000000000000e+09 7.257579881580950e-02 3.027690362275460e-02
2.241666666666667e+09 7.187753765018601e-02 3.049123342444048e-02
2.243333333333334e+09 7.119573427868701e-02 3.070374038284871e-02
2.245000000000000e+09 7.052933182997789e-02 3.091390684265906e-02
2.246666666666667e+09 6.987728376670957e-02 3.112130142076322e-02
2.248333333333334e+09 6.923855873556967e-02 3.132557484813360e-02
2.250000000000000e+09 6.861214455254820e-02 3.152645625874094e-02
2.251666666666667e+09 6.799705220240300e-02 3.172375001798964e-02
2.253333333333334e+09 6.739232029619537e-02 3.191733233530674e-02
2.255000000000000e+09 6.679701944489863e-02 3.210714691240424e-02
2.256666666666667e+09 6.621025553609079e-02 3.229319981131094e-02
2.258333333333334e+09 6.563117154769468e-02 3.247555464958410e-02
2.260000000000000e+09 6.505894875480862e-02 3.265432911135181e-02
2.261666666666667e+09 6.449280875462189e-02 3.282969255212999e-02
2.263333333333334e+09 6.393201694451660e-02 3.300186326097752e-02
2.265000000000000e+09 6.337588653431184e-02 3.317110395540621e-02
2.266666666666667e+09 6.282378128150654e-02 3.333771547209708e-02
2.268333333333334e+09 6.227511583548939e-02 3.350203020245164e-02
2.270000000000000e+09 6.172935435145074e-02 3.366440713508864e-02
2.271666666666667e+09 6.118600932306640e-02 3.382522902483701e-02
2.273333333333334e+09 6.064464217465958e-02 3.398490034023588e-02
2.275000000000000e+09 6.010486533184584e-02 3.414384392107519e-02
2.276666666666667e+09 5.956634383296305e-02 3.430249540884723e-02
2.278333333333334e+09 5.902879454033609e-02 3.446129656699218e-02
2.280000000000000e+09 5.849198273154164e-02 3.462068981224397e-02
2.281666666666667e+09 5.795571786939358e-02 3.478111556188140e-02
2.283333333333334e+09 5.741985096899437e-02 3.494301191908174e-02
2.285000000000000e+09 5.688427467338692e-02 3.510681446319207e-02
2.286666666666667e+09 5.634892496518073e-02 3.527295388256424e-02
2.288333333333334e+09 5.581378208735789e-02 3.544185086736357e-02
2.290000000000000e+09 5.527886869566829e-02 3.561390973674318e-02
2.291666666666667e+09 5.474424506692762e-02 3.578951320154904e-02
2.293333333333334e+09 5.421000296131946e-02 3.596901992955426e-02
2.295000000000000e+09 5.367626030746363e-02 3.615276488637466e-02
2.296666666666667e+09 5.314315807707794e-02 3.634106100224373e-02
2.298333333333334e+09 5.261085929271825e-02 3.653420037143461e-02
2.300000000000000e+09 5.207954902275672e-02 3.673245387920212e-02
2.301666666666667e+09 5.154943395972519e-02 3.693606923729854e-02
2.303333333333334e+09 5.102074064491496e-02 3.714526824694046e-02
2.305000000000000e+09 5.049371217723041e-02 3.736024439935198e-02
2.306666666666667e+09 4.996860394295920e-02 3.758116170251639e-02
2.308333333333334e+09 4.944567929628808e-02 3.780815506951572e-02
2.310000000000000e+09 4.892520609603459e-02 3.804133194282605e-02
2.311666666666667e+09 4.840745455953944e-02 3.828077432804835e-02
2.313333333333334e+09 4.789269620925370e-02 3.852654033445427e-02
2.315000000000000e+09 4.738120312919887e-02 3.877866475967977e-02
2.316666666666667e+09 4.687324668428949e-02 3.903715898046341e-02
2.318333333333334e+09 4.636909536130839e-02 3.930201094764214e-02
2.320000000000000e+09 4.586901212934961e-02 3.957318604511795e-02
2.321666666666667e+09 4.537325215523399e-02 3.985062898078157e-02
2.323333333333334e+09 4.488206152715242e-02 4.013426617601917e-02
2.325000000000000e+09 4.439567699673316e-02 4.042400783271061e-02
2.326666666666667e+09 4.391432615149439e-02 4.071974916621742e-02
2.328333333333334e+09 4.343822730884621e-02 4.102137091133375e-02
2.330000000000000e+09 4.296758879698212e-02 4.132873964226571e-02
2.331666666666667e+09 4.250260778937893e-02 4.164170842112520e-02
2.333333333333334e+09 4.204346909146605e-02 4.196011794187288e-02
2.335000000000000e+09 4.159034415864507e-02 4.228379803782433e-02
2.336666666666667e+09 4.114339040689105e-02 4.261256939525041e-02
2.338333333333334e+09 4.070275084368716e-02 4.294624544515057e-02
2.340000000000000e+09 4.026855419646844e-02 4.328463439485881e-02
2.341666666666667e+09 3.984091575744981e-02 4.362754109867746e-02
2.343333333333334e+09 3.941993884561327e-02 4.397476820565445e-02
2.345000000000000e+09 3.900571623797763e-02 4.432611616975131e-02
2.346666666666667e+09 3.859833064215169e-02 4.468138238080254e-02
2.348333333333334e+09 3.819785371341571e-02 4.504036045482187e-02
2.350000000000000e+09 3.780434415673187e-02 4.540284090339469e-02
2.351666666666667e+09 3.741784636737747e-02 4.576861360474816e-02
2.353333333333334e+09 3.703839101283371e-02 4.613747113108169e-02
2.355000000000000e+09 3.666599773933367e-02 4.650921107533417e-02
2.356666666666667e+09 3.630067856735251e-02 4.688363593592117e-02
2.358333333333334e+09 3.594243979208931e-02 4.726055077285209e-02
2.360000000000000e+09 3.559128109468833e-02 4.763976058925499e-02
2.361666666666667e+09 3.524719261553754e-02 4.802106980435482e-02
2.363333333333334e+09 3.491015242682587e-02 4.840428475441502e-02
2.365000000000000e+09 3.458012675491569e-02 4.878921783490765e-02
2.366666666666667e+09 3.425707333459596e-02 4.917569047429125e-02
2.368333333333334e+09 3.394094585752839e-02 4.956353283820706e-02
2.370000000000000e+09 3.363169653183540e-02 4.995258058622487e-02
2.371666666666667e+09 3.332927515475254e-02 5.034267128363115e-02
2.373333333333334e+09 3.303362580773083e-02 5.073364335094507e-02
2.375000000000000e+09 3.274468416256808e-02 5.112533840685588e-02
2.376666666666667e+09 3.246237787746654e-02 5.151760511079449e-02
2.378333333333334e+09 3.218663002402852e-02 5.191030137838503e-02
2.380000000000000e+09 3.191736297425497e-02 5.230329317272931e-02
2.381666666666667e+09 3.165449977161625e-02 5.269645090655619e-02
2.383333333333334e+09 3.139796207869073e-02 5.308964649326701e-02
2.385000000000000e+09 3.114766664801567e-02 5.348275358246640e-02
2.386666666666667e+09 3.090352354292467e-02 5.387565089493121e-02
2.388333333333334e+09 3.066543796819119e-02 5.426822597683052e-02
2.390000000000000e+09 3.043331465888213e-02 5.466037624981885e-02
2.391666666666667e+09 3.020706167662055e-02 5.505200630376499e-02
2.393333333333334e+09 2.998659084598895e-02 5.544302329269644e-02
2.395000000000000e+09 2.977181458621950e-02 5.583333375060632e-02
2.396666666666667e+09 2.956264154809732e-02 5.622284406597344e-02
2.398333333333334e+09 2.935897424683132e-02 5.661146417128294e-02
2.400000000000000e+09 2.916071033411443e-02 5.699911179549640e-02
2.401666666666667e+09 2.896774658621264e-02 5.738571444118316e-02
2.403333333333334e+09 2.877998300828492e-02 5.777120799946356e-02
2.405000000000000e+09 2.859732469890886e-02 5.815553315669433e-02
2.406666666666667e+09 2.841968082537051e-02 5.853863191077068e-02
2.408333333333334e+09 2.824696186440620e-02 5.892044604178753e-02
2.410000000000000e+09 2.807907701336282e-02 5.930091790230133e-02
2.411666666666667e+09 2.791593315896029e-02 5.967999253386413e-02
2.413333333333334e+09 2.775743562667817e-02 6.005761964236361e-02
2.415000000000000e+09 2.760348995139042e-02 6.043375440011061e-02
2.416666666666667e+09 2.745400358212162e-02 6.080835689362853e-02
2.418333333333334e+09 2.730888673464996e-02 6.118139074770310e-02
2.420000000000000e+09 2.716805220606536e-02 6.155282172391434e-02
2.421666666666667e+09 2.703141450054479e-02 6.192261691320433e-02
2.423333333333334e+09 2.689888885286283e-02 6.229074471583825e-02
2.425000000000000e+09 2.677039063640520e-02 6.265717539328021e-02
2.426666666666667e+09 2.664583534414099e-02 6.302188178266971e-02
2.428333333333334e+09 2.652513904926009e-02 6.338483981495052e-02
2.430000000000000e+09 2.640821912056497e-02 6.374602863966376e-02
2.431666666666667e+09 2.629499494612321e-02 6.410543028544675e-02
2.433333333333334e+09 2.618538838567773e-02 6.446302887609948e-02
2.435000000000000e+09 2.607932363142508e-02 6.481880960617614e-02
2.436666666666667e+09 2.597672630332228e-02 6.517275798150821e-02
2.438333333333334e+09 2.587752209302408e-02 6.552485998280262e-02
2.440000000000000e+09 2.578163587369069e-02 6.587510343015650e-02
2.441666666666667e+09 2.568899230384870e-02 6.622347989331814e-02
2.443333333333334e+09 2.559951811343053e-02 6.656998565068441e-02
2.445000000000000e+09 2.551314481158379e-02 6.691462038014136e-02
2.446666666666667e+09 2.542980966952143e-02 6.725738376999645e-02
2.448333333333334e+09 2.534945360189781e-02 6.759827213281941e-02
2.450000000000000e+09 2.527201683766693e-02 6.793727771631307e-02
2.451666666666667e+09 2.519743536263065e-02 6.827439177863373e-02
2.453333333333334e+09 2.512564106211665e-02 6.860960955508572e-02
2.455000000000000e+09 2.505656587486439e-02 6.894293337335396e-02
2.456666666666667e+09 2.499014697105718e-02 6.927437125606990e-02
2.458333333333334e+09 2.492632883501654e-02 6.960393187248178e-02
2.460000000000000e+09 2.486506045881684e-02 6.993161983633714e-02
2.461666666666667e+09 2.480628993301885e-02 7.025743525139112e-02
2.463333333333334e+09 2.474996105639122e-02 7.058137787398103e-02
2.465000000000000e+09 2.469601494307947e-02 7.090345221630853e-02
2.466666666666667e+09 2.464439522017221e-02 7.122366898871334e-02
2.468333333333334e+09 2.459505213605391e-02 7.154204148851746e-02
2.470000000000000e+09 2.454794180433972e-02 7.185858012958452e-02
2.471666666666667e+09 2.450302122740764e-02 7.217329007324502e-02
2.473333333333334e+09 2.446024367927311e-02 7.248617410375909e-02
2.475000000000000e+09 2.441955874396414e-02 7.279723797700098e-02
2.476666666666667e+09 2.438091690898578e-02 7.310649306454642e-02
2.478333333333334e+09 2.434427416390338e-02 7.341395363963545e-02
2.480000000000000e+09 2.430959187282939e-02 7.371963138951317e-02
2.481666666666667e+09 2.427683169155134e-02 7.402353271193776e-02
2.483333333333334e+09 2.424595035682429e-02 7.432566198958297e-02
2.485000000000000e+09 2.421689984420494e-02 7.462602827272964e-02
2.486666666666667e+09 2.418963366202787e-02 7.492464902705184e-02
2.488333333333334e+09 2.416411407970025e-02 7.522154666605559e-02
2.490000000000000e+09 2.414031352894605e-02 7.551673998573577e-02
2.491666666666667e+09 2.411820809417444e-02 7.581023761221960e-02
2.493333333333334e+09 2.409776797713793e-02 7.610203939497122e-02
2.495000000000000e+09 2.407895279524677e-02 7.639214507028888e-02
2.496666666666667e+09 2.406171570042006e-02 7.668056325785709e-02
2.498333333333334e+09 2.404601290646801e-02 7.696731354250846e-02
2.500000000000000e+09 2.403181082775880e-02 7.725242031274010e-02
2.501666666666667e+09 2.401908544645772e-02 7.753590385716766e-02
2.503333333333334e+09 2.400781534694051e-02 7.781777595336251e-02
2.505000000000000e+09 2.399797484147017e-02 7.809804262433745e-02
2.506666666666667e+09 2.398953252482076e-02 7.837671042177320e-02
2.508333333333334e+09 2.398245502198696e-02 7.865379033445297e-02
2.510000000000000e+09 2.397671123510742e-02 7.892929680461941e-02
2.511666666666667e+09 2.397227310971703e-02 7.920324447440812e-02
2.513333333333334e+09 2.396911348913299e-02 7.947564691242763e-02
2.515000000000000e+09 2.396720488944675e-02 7.974651836580035e-02
2.516666666666667e+09 2.396652149388898e-02 8.001587538654872e-02
2.518333333333334e+09 2.396704212530080e-02 8.028373488286859e-02
2.520000000000000e+09 2.396874967902686e-02 8.055010940493670e-02
2.521666666666667e+09 2.397162561874631e-02 8.081500474388335e-02
2.523333333333334e+09 2.397564396024755e-02 8.107842402162339e-02
2.525000000000000e+09 2.398077144367143e-02 8.134037624636657e-02
2.526666666666667e+09 2.398697587665564e-02 8.160088160059019e-02
2.528333333333334e+09 2.399423644948827e-02 8.185996690864614e-02
2.530000000000000e+09 2.400254608653034e-02 8.211765310828521e-02
2.531666666666667e+09 2.401190140212156e-02 8.237394503379183e-02
2.533333333333334e+09 2.402228690017424e-02 8.262883394154361e-02
2.535000000000000e+09 2.403366692559965e-02 8.288231332634700e-02
2.536666666666667e+09 2.404599431983552e-02 8.313439641795223e-02
2.538333333333334e+09 2.405923128169314e-02 8.338512025362550e-02
2.540000000000000e+09 2.407336662807245e-02 8.363453069316235e-02
2.541666666666667e+09 2.408841476401192e-02 8.388265821485442e-02
2.543333333333334e+09 2.410439537878536e-02 8.412950289119281e-02
2.545000000000000e+09 2.412130837368190e-02 8.437504078118412e-02
2.546666666666667e+09 2.413912286672286e-02 8.461924751953467e-02
2.548333333333334e+09 2.415778837082786e-02 8.486212146088236e-02
2.550000000000000e+09 2.417725906137705e-02 8.510368938319593e-02
2.551666666666667e+09 2.419751246142513e-02 8.534399180892549e-02
2.553333333333334e+09 2.421854941060005e-02 8.558306072399036e-02
2.555000000000000e+09 2.424037768193587e-02 8.582090711065685e-02
2.556666666666667e+09 2.426299394216965e-02 8.605752621454402e-02
2.558333333333334e+09 2.428637817371316e-02 8.629291361821641e-02
2.560000000000000e+09 2.431050281838537e-02 8.652707757727129e-02
2.561666666666667e+09 2.433534664601525e-02 8.676003823268549e-02
2.563333333333334e+09 2.436090093556548e-02 8.699181657693469e-02
2.565000000000000e+09 2.438716390142574e-02 8.722242427984399e-02
2.566666666666667e+09 2.441413001340595e-02 8.745186311353539e-02
2.568333333333334e+09 2.444178437268603e-02 8.768013306273535e-02
2.570000000000000e+09 2.447010637949858e-02 8.790724062892226e-02
2.571666666666667e+09 2.449907796942985e-02 8.813319986479724e-02
2.573333333333334e+09 2.452868819328999e-02 8.835802638405121e-02
2.575000000000000e+09 2.455893050108833e-02 8.858173110951972e-02
2.576666666666667e+09 2.458979659075294e-02 8.880431983262269e-02
2.578333333333334e+09 2.462127359725760e-02 8.902579811551153e-02
2.580000000000000e+09 2.465334723801996e-02 8.924617560097702e-02
2.581666666666667e+09 2.468600694821648e-02 8.946546484240007e-02
2.583333333333334e+09 2.471924691951211e-02 8.968367597032521e-02
2.585000000000000e+09 2.475306144939555e-02 8.990081327320500e-02
2.586666666666667e+09 2.478743940098126e-02 9.011687800167750e-02
2.588333333333334e+09 2.482236407026520e-02 9.033187506523625e-02
2.590000000000000e+09 2.485781945194091e-02 9.054581663248025e-02
2.591666666666667e+09 2.489379694489170e-02 9.075871813112657e-02
2.593333333333334e+09 2.493029520837799e-02 9.097058978813992e-02
2.595000000000000e+09 2.496731215789988e-02 9.118143210162812e-02
2.596666666666667e+09 2.500483623822074e-02 9.139124073919211e-02
2.598333333333334e+09 2.504284591625737e-02 9.160001739922839e-02
2.600000000000000e+09 2.508131925835854e-02 9.180777662394268e-02
2.601666666666667e+09 2.512024567908906e-02 9.201454126225203e-02
2.603333333333334e+09 2.515962891876829e-02 9.222032947297143e-02
2.605000000000000e+09 2.519947760547189e-02 9.242514450581590e-02
2.606666666666667e+09 2.523979112024539e-02 9.262897675255567e-02
2.608333333333334e+09 2.528055325973982e-02 9.283181671969087e-02
2.610000000000000e+09 2.532173945432428e-02 9.303366748630681e-02
2.611666666666667e+09 2.536333095836141e-02 9.323454549792337e-02
2.613333333333334e+09 2.540532301364911e-02 9.343446926561549e-02
2.615000000000000e+09 2.544771971393808e-02 9.363344673756349e-02
2.616666666666667e+09 2.549052086714252e-02 9.383147313252829e-02
2.618333333333334e+09 2.553371357330281e-02 9.402854084034351e-02
2.620000000000000e+09 2.557727636520583e-02 9.422465141385927e-02
2.621666666666667e+09 2.562119137232217e-02 9.441981794401130e-02
2.623333333333334e+09 2.566545223696211e-02 9.461405585797189e-02
2.625000000000000e+09 2.571006003422683e-02 9.480737170227324e-02
2.626666666666667e+09 2.575501163325470e-02 9.499976127979652e-02
2.628333333333334e+09 2.580029249895483e-02 9.519121884611699e-02
2.630000000000000e+09 2.584588123590776e-02 9.538174777617760e-02
2.631666666666667e+09 2.589176105202886e-02 9.557136171488988e-02
2.633333333333334e+09 2.593792623986731e-02 9.576007514137337e-02
2.635000000000000e+09 2.598437705808190e-02 9.594789323808592e-02
2.636666666666667e+09 2.603110853902947e-02 9.613481154128306e-02
2.638333333333334e+09 2.607810500358134e-02 9.632082543066042e-02
2.640000000000000e+09 2.612534577825759e-02 9.650593910569037e-02
2.641666666666667e+09 2.617281543332580e-02 9.669016446244966e-02
2.643333333333334e+09 2.622050695089542e-02 9.687351155932260e-02
2.645000000000000e+09 2.626841420775958e-02 9.705598196796361e-02
2.646666666666667e+09 2.631652263288477e-02 9.723757338703096e-02
2.648333333333334e+09 2.636480996727971e-02 9.741829094062593e-02
2.650000000000000e+09 2.641325832042342e-02 9.759815155963618e-02
2.651666666666667e+09 2.646186492542555e-02 9.777717360822116e-02
2.653333333333334e+09 2.651063749529334e-02 9.795535991986822e-02
2.655000000000000e+09 2.655957441637311e-02 9.813269218526724e-02
2.656666666666667e+09 2.660864686564777e-02 9.830914648473701e-02
2.658333333333334e+09 2.665780168071681e-02 9.848471974150559e-02
2.660000000000000e+09 2.670698662922251e-02 9.865944413577807e-02
2.661666666666667e+09 2.675617873029547e-02 9.883337467163303e-02
2.663333333333334e+09 2.680539160257162e-02 9.900655803598735e-02
2.665000000000000e+09 2.685465490844164e-02 9.917900776702904e-02
2.666666666666667e+09 2.690398272682200e-02 9.935070568640166e-02
2.668333333333334e+09 2.695335652406770e-02 9.952162699588203e-02
2.670000000000000e+09 2.700273465816657e-02 9.969176698556408e-02
2.671666666666667e+09 2.705207726623208e-02 9.986114811275981e-02
2.673333333333334e+09 2.710136402145219e-02 1.000298052013796e-01
2.675000000000000e+09 2.715059163630220e-02 1.001977652641347e-01
2.676666666666667e+09 2.719975759751472e-02 1.003650403028727e-01
2.678333333333334e+09 2.724884762885009e-02 1.005316367330924e-01
2.680000000000000e+09 2.729783787636561e-02 1.006975692937655e-01
2.681666666666667e+09 2.734670711348667e-02 1.008628651551514e-01
2.683333333333334e+09 2.739544531724267e-02 1.010275556383196e-01
2.685000000000000e+09 2.744405044365321e-02 1.011916655715743e-01
2.686666666666667e+09 2.749251808594795e-02 1.013552115017631e-01
2.688333333333334e+09 2.754083550243180e-02 1.015182098412672e-01
2.690000000000000e+09 2.758898610723810e-02 1.016806857298734e-01
2.691666666666667e+09 2.763695936607954e-02 1.018426732093893e-01
2.693333333333334e+09 2.768475570934227e-02 1.020042066593130e-01
2.695000000000000e+09 2.773238149516688e-02 1.021653123640707e-01
2.696666666666667e+09 2.777983921375278e-02 1.023260087508936e-01
2.698333333333334e+09 2.782712277734675e-02 1.024863150800946e-01
2.700000000000000e+09 2.787422265922239e-02 1.026462601319518e-01
2.701666666666667e+09 2.792113621511326e-02 1.028058825645637e-01
2.703333333333334e+09 2.796787385664240e-02 1.029652224955857e-01
2.705000000000000e+09 2.801445581745208e-02 1.031243117055710e-01
2.706666666666667e+09 2.806090268816487e-02 1.032831706028789e-01
2.708333333333334e+09 2.810722784146030e-02 1.034418137526203e-01
2.710000000000000e+09 2.815343745373347e-02 1.036002586197681e-01
2.711666666666667e+09 2.819953707071753e-02 1.037585303480617e-01
2.713333333333334e+09 2.824553880550841e-02 1.039166595710323e-01
2.715000000000000e+09 2.829146386859357e-02 1.040746759909288e-01
2.716666666666667e+09 2.833733960399813e-02 1.042326029358756e-01
2.718333333333334e+09 2.838319421723620e-02 1.043904561901865e-01
2.720000000000000e+09 2.842905308291861e-02 1.045482466735494e-01
2.721666666666667e+09 2.847493840829345e-02 1.047059842082542e-01
2.723333333333334e+09 2.852087147671557e-02 1.048636797626534e-01
2.725000000000000e+09 2.856687544607264e-02 1.050213451582260e-01
2.726666666666667e+09 2.861297685849517e-02 1.051789908152680e-01
2.728333333333334e+09 2.865920494911812e-02 1.053366230342523e-01
2.730000000000000e+09 2.870558903971841e-02 1.054942425239008e-01
2.731666666666667e+09 2.875215547920131e-02 1.056518453047790e-01
2.733333333333334e+09 2.879892615092941e-02 1.058094256963773e-01
2.735000000000000e+09 2.884591978836459e-02 1.059669794854124e-01
2.736666666666667e+09 2.889315534289951e-02 1.061245048863655e-01
2.738333333333334e+09 2.894065485169695e-02 1.062820003500189e-01
2.740000000000000e+09 2.898844336712653e-02 1.064394607945858e-01
2.741666666666667e+09 2.903654577604576e-02 1.065968752940128e-01
2.743333333333334e+09 2.908498294611934e-02 1.067542281785730e-01
2.745000000000000e+09 2.913377022645339e-02 1.069115026638503e-01
2.746666666666667e+09 2.918291927991822e-02 1.070686840392646e-01
2.748333333333334e+09 2.923244138397477e-02 1.072257600122014e-01
2.750000000000000e+09 2.928234930356304e-02 1.073827184262891e-01
2.751666666666667e+09 2.933265643642922e-02 1.075395447427707e-01
2.753333333333334e+09 2.938337444984098e-02 1.076962214563872e-01
2.755000000000000e+09 2.943451162733338e-02 1.078527295185281e-01
2.756666666666667e+09 2.948607292692042e-02 1.080090501375156e-01
2.758333333333334e+09 2.953806092551978e-02 1.081651656069077e-01
2.760000000000000e+09 2.959047641120402e-02 1.083210593752734e-01
2.761666666666667e+09 2.964331858173007e-02 1.084767163776224e-01
2.763333333333334e+09 2.969658586276575e-02 1.086321237395988e-01
2.765000000000000e+09 2.975027770559109e-02 1.087872706057939e-01
2.766666666666667e+09 2.980439595960849e-02 1.089421460534532e-01
2.768333333333334e+09 2.985894379817633e-02 1.090967361070379e-01
2.770000000000000e+09 2.991392202849920e-02 1.092510226403599e-01
2.771666666666667e+09 2.996932548054181e-02 1.094049860785022e-01
2.773333333333334e+09 3.002514298182090e-02 1.095586104950869e-01
2.775000000000000e+09 3.008136175247169e-02 1.097118869947021e-01
2.776666666666667e+09 3.013797300826839e-02 1.098648121721982e-01
2.778333333333334e+09 3.019497406324719e-02 1.100173826138924e-01
2.780000000000000e+09 3.025236509238622e-02 1.101695900772999e-01
2.781666666666667e+09 3.031014351228979e-02 1.103214214887593e-01
2.783333333333334e+09 3.036830108387046e-02 1.104728634620391e-01
2.785000000000000e+09 3.042682613122716e-02 1.106239068595519e-01
2.786666666666667e+09 3.048570827461257e-02 1.107745471204435e-01
2.788333333333334e+09 3.054494075978383e-02 1.109247805098832e-01
2.790000000000000e+09 3.060451820537257e-02 1.110746006252153e-01
2.791666666666667e+09 3.066443259541384e-02 1.112239990771585e-01
2.793333333333334e+09 3.072467234339131e-02 1.113729695790611e-01
2.795000000000000e+09 3.078522593370634e-02 1.115215106338971e-01
2.796666666666667e+09 3.084608631230880e-02 1.116696231423600e-01
2.798333333333334e+09 3.090725064906867e-02 1.118173048119317e-01
2.800000000000000e+09 3.096871457164105e-02 1.119645475096386e-01
2.801666666666667e+09 3.103046634512457e-02 1.121113416594484e-01
2.803333333333334e+09 3.109248794247992e-02 1.122576846374769e-01
2.805000000000000e+09 3.115476399866875e-02 1.124035847960874e-01
2.806666666666667e+09 3.121729129321423e-02 1.125490553386271e-01
2.808333333333334e+09 3.128007902116353e-02 1.126941015148658e-01
2.810000000000000e+09 3.134313722360525e-02 1.128387121898867e-01
2.811666666666667e+09 3.140646182658326e-02 1.129828648509897e-01
2.813333333333334e+09 3.147002953607619e-02 1.131265420007176e-01
2.815000000000000e+09 3.153380885686703e-02 1.132697459937533e-01
2.816666666666667e+09 3.159777979313697e-02 1.134124989567452e-01
2.818333333333334e+09 3.166194619958237e-02 1.135548260290942e-01
2.820000000000000e+09 3.172632950356773e-02 1.136967344605481e-01
2.821666666666667e+09 3.179094743626940e-02 1.138382056648011e-01
2.823333333333334e+09 3.185579414589935e-02 1.139792076177728e-01
2.825000000000000e+09 3.192083766507203e-02 1.141197186995885e-01
2.826666666666667e+09 3.198603720800434e-02 1.142597447225960e-01
2.828333333333334e+09 3.205136727467956e-02 1.143993162015356e-01
2.830000000000000e+09 3.211683065432155e-02 1.145384683348061e-01
2.831666666666667e+09 3.218245164066681e-02 1.146772189580412e-01
2.833333333333334e+09 3.224825595475926e-02 1.148155599749355e-01
2.835000000000000e+09 3.231425267736536e-02 1.149534663445912e-01
2.836666666666667e+09 3.238042982583717e-02 1.150909137064662e-01
2.838333333333334e+09 3.244676356289176e-02 1.152278913277755e-01
2.840000000000000e+09 3.251323157907646e-02 1.153644032402588e-01
2.841666666666667e+09 3.257982076426765e-02 1.155004604865095e-01
2.843333333333334e+09 3.264652628789710e-02 1.156360727444042e-01
2.845000000000000e+09 3.271334639518706e-02 1.157712451688029e-01
2.846666666666667e+09 3.278027877841343e-02 1.159059800470397e-01
2.848333333333334e+09 3.284732055601602e-02 1.160402790575682e-01
2.850000000000000e+09 3.291446954929352e-02 1.161741431967105e-01
2.851666666666667e+09 3.298172386581123e-02 1.163075712321975e-01
2.853333333333334e+09 3.304907957942502e-02 1.164405594874440e-01
2.855000000000000e+09 3.311652897983122e-02 1.165731041642444e-01
2.856666666666667e+09 3.318406156908785e-02 1.167052044426840e-01
2.858333333333334e+09 3.325166726268830e-02 1.168368635589353e-01
2.860000000000000e+09 3.331933910251271e-02 1.169680869331766e-01
2.861666666666667e+09 3.338707335910933e-02 1.170988791302853e-01
2.863333333333334e+09 3.345486742968372e-02 1.172292422495526e-01
2.865000000000000e+09 3.352271779494345e-02 1.173591766446829e-01
2.866666666666667e+09 3.359061976942476e-02 1.174886825806350e-01
2.868333333333334e+09 3.365856866793388e-02 1.176177608352370e-01
2.870000000000000e+09 3.372656058684525e-02 1.177464117314730e-01
2.871666666666667e+09 3.379459161305249e-02 1.178746339250534e-01
2.873333333333334e+09 3.386265610830434e-02 1.180024245631224e-01
2.875000000000000e+09 3.393074580011886e-02 1.181297809851690e-01
2.876666666666667e+09 3.399885067268919e-02 1.182567025250205e-01
2.878333333333334e+09 3.406696090929792e-02 1.183831908273124e-01
2.880000000000000e+09 3.413506815140481e-02 1.185092485044771e-01
2.881666666666667e+09 3.420316503544283e-02 1.186348775051974e-01
2.883333333333334e+09 3.427124361843371e-02 1.187600787728160e-01
2.885000000000000e+09 3.433929433430779e-02 1.188848535073248e-01
2.886666666666667e+09 3.440730662425540e-02 1.190092048202315e-01
2.888333333333334e+09 3.447527086002226e-02 1.191331381490278e-01
2.890000000000000e+09 3.454317997472002e-02 1.192566598009923e-01
2.891666666666667e+09 3.461102931803185e-02 1.193797745530457e-01
2.893333333333334e+09 3.467881455268330e-02 1.195024841011149e-01
2.895000000000000e+09 3.474652891246389e-02 1.196247876798560e-01
2.896666666666667e+09 3.481416176075020e-02 1.197466846921250e-01
2.898333333333334e+09 3.488169965534211e-02 1.198681777023751e-01
2.900000000000000e+09 3.494912945360119e-02 1.199892736903781e-01
2.901666666666667e+09 3.501644145061502e-02 1.201099824645569e-01
2.903333333333334e+09 3.508363026121743e-02 1.202303130857658e-01
2.905000000000000e+09 3.515069255761369e-02 1.203502707538994e-01
2.906666666666667e+09 3.521762307396666e-02 1.204698565533400e-01
2.908333333333334e+09 3.528441179915602e-02 1.205890704833623e-01
2.910000000000000e+09 3.535104460839312e-02 1.207079156195446e-01
2.911666666666667e+09 3.541750695512770e-02 1.208264001628155e-01
2.913333333333334e+09 3.548378766415248e-02 1.209445357002173e-01
2.915000000000000e+09 3.554987963769884e-02 1.210623331780510e-01
2.916666666666667e+09 3.561577689432605e-02 1.211798001816226e-01
2.918333333333334e+09 3.568147070360563e-02 1.212969420739923e-01
2.920000000000000e+09 3.574694859099050e-02 1.214137660261881e-01
2.921666666666667e+09 3.581219746889056e-02 1.215302840847104e-01
2.923333333333334e+09 3.587720818475077e-02 1.216465120197903e-01
2.925000000000000e+09 3.594197708541091e-02 1.217624645423199e-01
2.926666666666667e+09 3.600650265979594e-02 1.218781511212746e-01
2.928333333333334e+09 3.607077991819245e-02 1.219935764780816e-01
2.930000000000000e+09 3.613479757126562e-02 1.221087456835382e-01
2.931666666666667e+09 3.619854072680441e-02 1.222236693784928e-01
2.933333333333334e+09 3.626199665465562e-02 1.223383643110885e-01
2.935000000000000e+09 3.632515808814081e-02 1.224528487778981e-01
2.936666666666667e+09 3.638802077964903e-02 1.225671376519702e-01
2.938333333333334e+09 3.645057778223976e-02 1.226812423982000e-01
2.940000000000000e+09 3.651281665920120e-02 1.227951766923481e-01
2.941666666666667e+09 3.657472352136769e-02 1.229089623090519e-01
2.943333333333334e+09 3.663629115303187e-02 1.230226287748847e-01
2.945000000000000e+09 3.669752375958565e-02 1.231362056319323e-01
2.946666666666667e+09 3.675843303826699e-02 1.232497133997086e-01
2.948333333333334e+09 3.681902796646917e-02 1.233631614649558e-01
2.950000000000000e+09 3.687930695134366e-02 1.234765555160860e-01
2.951666666666667e+09 3.693925957612880e-02 1.235899084629867e-01
2.953333333333334e+09 3.699887679553027e-02 1.237032451224431e-01
2.955000000000000e+09 3.705816054176782e-02 1.238165961893550e-01
2.956666666666667e+09 3.711712384054568e-02 1.239299867794521e-01
2.958333333333334e+09 3.717578105780277e-02 1.240434301320813e-01
2.960000000000000e+09 3.723413718664863e-02 1.241569326319610e-01
2.961666666666667e+09 3.729218637286454e-02 1.242705058532680e-01
2.963333333333334e+09 3.734992156136688e-02 1.243841744792011e-01
2.965000000000000e+09 3.740734667958096e-02 1.244979723768112e-01
2.966666666666667e+09 3.746448000984766e-02 1.246119300182954e-01
2.968333333333334e+09 3.752134532265630e-02 1.247260647894197e-01
2.970000000000000e+09 3.757795889453010e-02 1.248403834350550e-01
2.971666666666667e+09 3.763432487134311e-02 1.249548946252876e-01
2.973333333333334e+09 3.769044403719390e-02 1.250696196701804e-01
2.975000000000000e+09 3.774632830033798e-02 1.251845903439142e-01
2.976666666666667e+09 3.780200691101695e-02 1.252998343905609e-01
2.978333333333334e+09 3.785751696785827e-02 1.254153612968533e-01
2.980000000000000e+09 3.791288489905801e-02 1.255311620968276e-01
2.981666666666667e+09 3.796811475688674e-02 1.256472254881745e-01
2.983333333333334e+09 3.802319467507789e-02 1.257635580485842e-01
2.985000000000000e+09 3.807811795707181e-02 1.258801916556314e-01
2.986666666666667e+09 3.813290260172689e-02 1.259971709043637e-01
2.988333333333334e+09 3.818759363060726e-02 1.261145294759807e-01
2.990000000000000e+09 3.824224609028661e-02 1.262322734426812e-01
2.991666666666667e+09 3.829690177116932e-02 1.263503838879405e-01
2.993333333333334e+09 3.835157701828504e-02 1.264688359022230e-01
2.995000000000000e+09 3.840626945077866e-02 1.265876188147202e-01
2.996666666666667e+09 3.846097650416861e-02 1.267067430434361e-01
2.998333333333334e+09 3.851571079781500e-02 1.268262307089992e-01
3.000000000000000e+09 3.857050197027662e-02 1.269460996363002e-01
