2.000000000000000e+09 1.355851236237648e-01 1.382827413526791e-01
2.001666666666667e+09 1.372926538965634e-01 1.381998671701494e-01
2.003333333333333e+09 1.390242376408526e-01 1.380993813604998e-01
2.005000000000000e+09 1.407801384590164e-01 1.379804669604780e-01
2.006666666666667e+09 1.425606126207320e-01 1.378422778058604e-01
2.008333333333333e+09 1.443659083299636e-01 1.376839344297456e-01
2.010000000000000e+09 1.461962622714031e-01 1.375045207832804e-01
2.011666666666667e+09 1.480518951872767e-01 1.373030834351772e-01
2.013333333333333e+09 1.499330087067095e-01 1.370786327979223e-01
2.015000000000000e+09 1.518397842519316e-01 1.368301444644942e-01
2.016666666666667e+09 1.537723830176286e-01 1.365565590734905e-01
2.018333333333333e+09 1.557309453879356e-01 1.362567806645446e-01
2.020000000000000e+09 1.577155890202814e-01 1.359296746656319e-01
2.021666666666667e+09 1.597264060699869e-01 1.355740665116396e-01
2.023333333333333e+09 1.617634603975875e-01 1.351887409068641e-01
2.025000000000000e+09 1.638267849580796e-01 1.347724411346327e-01
2.026666666666667e+09 1.659163788841862e-01 1.343238681840356e-01
2.028333333333333e+09 1.680322039368061e-01 1.338416802027693e-01
2.030000000000000e+09 1.701741808097040e-01 1.333244928581420e-01
2.031666666666667e+09 1.723421861949356e-01 1.327708803537986e-01
2.033333333333333e+09 1.745360508544449e-01 1.321793759992569e-01
2.035000000000000e+09 1.767555577343961e-01 1.315484714356680e-01
2.036666666666667e+09 1.790004386861632e-01 1.308766149055992e-01
2.038333333333333e+09 1.812703692982804e-01 1.301622101194608e-01
2.040000000000000e+09 1.835649629384881e-01 1.294036170608605e-01
2.041666666666667e+09 1.858837658014141e-01 1.285991545170065e-01
2.043333333333333e+09 1.882262537514622e-01 1.277471026409847e-01
2.045000000000000e+09 1.905918298876987e-01 1.268457039344555e-01
2.046666666666667e+09 1.929798208123549e-01 1.258931627267159e-01
2.048333333333333e+09 1.953894705488368e-01 1.248876449759534e-01
2.050000000000000e+09 1.978199331066662e-01 1.238272803318223e-01
2.051666666666667e+09 2.002702659069768e-01 1.227101666820750e-01
2.053333333333333e+09 2.027394254639319e-01 1.215343754240751e-01
2.055000000000000e+09 2.052262645747136e-01 1.202979553265907e-01
2.056666666666667e+09 2.077295287877395e-01 1.189989344680063e-01
2.058333333333333e+09 2.102478504841524e-01 1.176353218682239e-01
2.060000000000000e+09 2.127797409959909e-01 1.162051111082074e-01
2.061666666666667e+09 2.153235828609619e-01 1.147062868626372e-01
2.063333333333333e+09 2.178776240730321e-01 1.131368331742780e-01
2.065000000000000e+09 2.204399743529926e-01 1.114947414121670e-01
2.066666666666667e+09 2.230086018158761e-01 1.097780169005047e-01
2.068333333333333e+09 2.255813284493808e-01 1.079846850594557e-01
2.070000000000000e+09 2.281558243476313e-01 1.061127987595277e-01
2.071666666666667e+09 2.307296020650317e-01 1.041604477363020e-01
2.073333333333333e+09 2.333000123864439e-01 1.021257693429632e-01
2.075000000000000e+09 2.358642414424871e-01 1.000069592824953e-01
2.076666666666667e+09 2.384193079361593e-01 9.780228188103142e-02
2.078333333333333e+09 2.409620595438616e-01 9.551008093349493e-02
2.080000000000000e+09 2.434891690387865e-01 9.312879259409967e-02
2.081666666666667e+09 2.459971318416562e-01 9.065696066448779e-02
2.083333333333333e+09 2.484822663159251e-01 8.809325301658914e-02
2.085000000000000e+09 2.509407165137982e-01 8.543647737221902e-02
2.086666666666667e+09 2.533684557971527e-01 8.268559577112877e-02
2.088333333333333e+09 2.557612900376410e-01 7.983973871535159e-02
2.090000000000000e+09 2.581148606347632e-01 7.689822057844274e-02
2.091666666666667e+09 2.604246488517018e-01 7.386055688212689e-02
2.093333333333333e+09 2.626859827527591e-01 7.072648251897380e-02
2.095000000000000e+09 2.648940466532878e-01 6.749596948005554e-02
2.096666666666667e+09 2.670438919510290e-01 6.416924358856183e-02
2.098333333333333e+09 2.691304486012672e-01 6.074680105872184e-02
2.100000000000000e+09 2.711485378856671e-01 5.722942590132148e-02
2.101666666666667e+09 2.730928879554774e-01 5.361820796819684e-02
2.103333333333333e+09 2.749581528658551e-01 4.991456002388667e-02
2.105000000000000e+09 2.767389340934467e-01 4.612023222573026e-02
2.106666666666667e+09 2.784298026081790e-01 4.223732400145967e-02
2.108333333333333e+09 2.800253205696954e-01 3.826829503277666e-02
2.110000000000000e+09 2.815200638594541e-01 3.421597706738296e-02
2.111666666666667e+09 2.829086478730502e-01 3.008358631884888e-02
2.113333333333333e+09 2.841857579119676e-01 2.587473398769160e-02
2.115000000000000e+09 2.853461829076570e-01 2.159343211658471e-02
2.116666666666667e+09 2.863848494369483e-01 1.724409408398645e-02
2.118333333333333e+09 2.872968537945428e-01 1.283153175114204e-02
2.120000000000000e+09 2.880774926737021e-01 8.360952082575562e-03
2.121666666666667e+09 2.887222952357523e-01 3.837954087419843e-03
2.123333333333333e+09 2.892270588621317e-01 -7.314761036983709e-04
2.125000000000000e+09 2.895878879725584e-01 -5.340975482942962e-03
2.126666666666667e+09 2.898012325567333e-01 -9.983821388754690e-03
2.128333333333333e+09 2.898639230739353e-01 -1.465295401230811e-02
2.130000000000000e+09 2.897732012473606e-01 -1.934100063071518e-02
2.131666666666667e+09 2.895267494689087e-01 -2.404029945023559e-02
2.133333333333333e+09 2.891227220627084e-01 -2.874292450907997e-02
2.135000000000000e+09 2.885597788611223e-01 -3.344071558581350e-02
2.136666666666667e+09 2.878371177614829e-01 -3.812531610959397e-02
2.138333333333333e+09 2.869545014896823e-01 -4.278821829564884e-02
2.140000000000000e+09 2.859122760758943e-01 -4.742081128723809e-02
2.141666666666667e+09 2.847113827082338e-01 -5.201442792336181e-02
2.143333333333333e+09 2.833533671821870e-01 -5.656038903611234e-02
2.145000000000000e+09 2.818403899760245e-01 -6.105004814715919e-02
2.146666666666667e+09 2.801752360870752e-01 -6.547484076902672e-02
2.148333333333334e+09 2.783613204155030e-01 -6.982634017347371e-02
2.150000000000000e+09 2.764026843613920e-01 -7.409631747313962e-02
2.151666666666667e+09 2.743039823223758e-01 -7.827680142467723e-02
2.153333333333334e+09 2.720704603393253e-01 -8.236013424508981e-02
2.155000000000000e+09 2.697079304406384e-01 -8.633902286470717e-02
2.156666666666667e+09 2.672227425935972e-01 -9.020658766437292e-02
2.158333333333334e+09 2.646217533448398e-01 -9.395641084766913e-02
2.160000000000000e+09 2.619122887081103e-01 -9.758258447179882e-02
2.161666666666667e+09 2.591020997128474e-01 -1.010797558676203e-01
2.163333333333334e+09 2.561993112306081e-01 -1.044431676129851e-01
2.165000000000000e+09 2.532123662686740e-01 -1.076686905511432e-01
2.166666666666667e+09 2.501499677452860e-01 -1.107528501257685e-01
2.168333333333334e+09 2.470210184085205e-01 -1.136928469628048e-01
2.170000000000000e+09 2.438345585376960e-01 -1.164865718517399e-01
2.171666666666667e+09 2.405997013455043e-01 -1.191326141067981e-01
2.173333333333334e+09 2.373255672136794e-01 -1.216302620042863e-01
2.175000000000000e+09 2.340212188264047e-01 -1.239794949211128e-01
2.176666666666667e+09 2.306955990475417e-01 -1.261809681101438e-01
2.178333333333334e+09 2.273574722620993e-01 -1.282359916167594e-01
2.180000000000000e+09 2.240153689045047e-01 -1.301465042918714e-01
2.181666666666667e+09 2.206775328634140e-01 -1.319150428336035e-01
2.183333333333334e+09 2.173518723017714e-01 -1.335447052987407e-01
2.185000000000000e+09 2.140459153167991e-01 -1.350391090270490e-01
2.186666666666667e+09 2.107667719770085e-01 -1.364023439946701e-01
2.188333333333334e+09 2.075211035081470e-01 -1.376389234015936e-01
2.190000000000000e+09 2.043150983536892e-01 -1.387537332676665e-01
2.191666666666667e+09 2.011544542243985e-01 -1.397519821207983e-01
2.193333333333334e+09 1.980443653362675e-01 -1.406391511159946e-01
2.195000000000000e+09 1.949895145205186e-01 -1.414209446224417e-01
2.196666666666667e+09 1.919940702780274e-01 -1.421032415046873e-01
2.198333333333334e+09 1.890616888669260e-01 -1.426920476903155e-01
2.200000000000000e+09 1.861955212264539e-01 -1.431934508279365e-01
2.201666666666667e+09 1.833982241943278e-01 -1.436135777800870e-01
2.203333333333334e+09 1.806719752502988e-01 -1.439585554500414e-01
2.205000000000000e+09 1.780184899620911e-01 -1.442344751401482e-01
2.206666666666667e+09 1.754390414001951e-01 -1.444473603701427e-01
2.208333333333334e+09 1.729344809915362e-01 -1.446031379119161e-01
2.210000000000000e+09 1.705052605272602e-01 -1.447076117880950e-01
2.211666666666667e+09 1.681514551897358e-01 -1.447664401410263e-01
2.213333333333334e+09 1.658727873970640e-01 -1.447851150750039e-01
2.215000000000000e+09 1.636686510212163e-01 -1.447689455925293e-01
2.216666666666667e+09 1.615381353579017e-01 -1.447230434822263e-01
2.218333333333334e+09 1.594800483650075e-01 -1.446523116406570e-01
2.220000000000000e+09 1.574929391339503e-01 -1.445614341740162e-01
2.221666666666667e+09 1.555751199698386e-01 -1.444548679363883e-01
2.223333333333334e+09 1.537246884207236e-01 -1.443368357154516e-01
2.225000000000000e+09 1.519395490555327e-01 -1.442113215575135e-01
2.226666666666667e+09 1.502174341976556e-01 -1.440820683590908e-01
2.228333333333334e+09 1.485559228064572e-01 -1.439525770385254e-01
2.230000000000000e+09 1.469524574692259e-01 -1.438261060467143e-01
2.231666666666667e+09 1.454043604963981e-01 -1.437056703150591e-01
2.233333333333334e+09 1.439088504939077e-01 -1.435940398886729e-01
2.235000000000000e+09 1.424630600204533e-01 -1.434937395788964e-01
2.236666666666667e+09 1.410640534939406e-01 -1.434070509944553e-01
2.238333333333334e+09 1.397088435698441e-01 -1.433360170633469e-01
2.240000000000000e+09 1.383944047023703e-01 -1.432824475404045e-01
2.241666666666667e+09 1.371176843135762e-01 -1.432479233826131e-01
2.243333333333334e+09 1.358756136217900e-01 -1.432337989504503e-01
2.245000000000000e+09 1.346651203111901e-01 -1.432412030594314e-01
2.246666666666667e+09 1.334831435785610e-01 -1.432710413299060e-01
2.248333333333334e+09 1.323266498749739e-01 -1.433240018155547e-01
2.250000000000000e+09 1.311926466606232e-01 -1.434005637717314e-01
2.251666666666667e+09 1.300781926100257e-01 -1.435010072930296e-01
2.253333333333334e+09 1.289804051341507e-01 -1.436254211524977e-01
2.255000000000000e+09 1.278964678948676e-01 -1.437737079074712e-01
2.256666666666667e+09 1.268236406870115e-01 -1.439455878547471e-01
2.258333333333334e+09 1.257592718579844e-01 -1.441406047009144e-01
2.260000000000000e+09 1.247008110852983e-01 -1.443581348236228e-01
2.261666666666667e+09 1.236458197199078e-01 -1.445973995469061e-01
2.263333333333334e+09 1.225919774787960e-01 -1.448574779284580e-01
2.265000000000000e+09 1.215370866983873e-01 -1.451373176794398e-01
2.266666666666667e+09 1.204790766536675e-01 -1.454357438160684e-01
2.268333333333334e+09 1.194160096227266e-01 -1.457514667782933e-01
2.270000000000000e+09 1.183460882312885e-01 -1.460830922973455e-01
2.271666666666667e+09 1.172676619883823e-01 -1.464291339053594e-01
2.273333333333334e+09 1.161792311244110e-01 -1.467880269338862e-01
2.275000000000000e+09 1.150794475655901e-01 -1.471581418877099e-01
2.276666666666667e+09 1.139671145667879e-01 -1.475377959212456e-01
2.278333333333334e+09 1.128411867580541e-01 -1.479252629296236e-01
2.280000000000000e+09 1.117007710599703e-01 -1.483187838932166e-01
2.281666666666667e+09 1.105451273347147e-01 -1.487165786591666e-01
2.283333333333334e+09 1.093736671744789e-01 -1.491168588173294e-01
2.285000000000000e+09 1.081859502243100e-01 -1.495178401437958e-01
2.286666666666667e+09 1.069816789266095e-01 -1.499177532670889e-01
2.288333333333334e+09 1.057606932144452e-01 -1.503148525180537e-01
2.290000000000000e+09 1.045229659557924e-01 -1.507074241303012e-01
2.291666666666667e+09 1.032685985872484e-01 -1.510937949957094e-01
2.293333333333334e+09 1.019978156313822e-01 -1.514723420771198e-01
2.295000000000000e+09 1.007109573107118e-01 -1.518415013814180e-01
2.296666666666667e+09 9.940847074143180e-02 -1.521997751819070e-01
2.298333333333334e+09 9.809090105573931e-02 -1.525457371058774e-01
2.300000000000000e+09 9.675888351959561e-02 -1.528780359117195e-01
2.301666666666667e+09 9.541313658696585e-02 -1.531953992073207e-01
2.303333333333334e+09 9.405445488575354e-02 -1.534966376891415e-01
2.305000000000000e+09 9.268370116554350e-02 -1.537806493678249e-01
2.306666666666667e+09 9.130179714520205e-02 -1.540464226847468e-01
2.308333333333334e+09 8.990971412553060e-02 -1.542930378498122e-01
2.310000000000000e+09 8.850846438421071e-02 -1.545196666874233e-01
2.311666666666667e+09 8.709909370165841e-02 -1.547255718948490e-01
2.313333333333334e+09 8.568267454681495e-02 -1.549101064128063e-01
2.315000000000000e+09 8.426029920486790e-02 -1.550727128719575e-01
2.316666666666667e+09 8.283307258490415e-02 -1.552129225320813e-01
2.318333333333334e+09 8.140210509374327e-02 -1.553303532330364e-01
2.320000000000000e+09 7.996850618564343e-02 -1.554247064437832e-01
2.321666666666667e+09 7.853337884766996e-02 -1.554957639433152e-01
2.323333333333334e+09 7.709781475806413e-02 -1.555433845986321e-01
2.325000000000000e+09 7.566288966819759e-02 -1.555675012586871e-01
2.326666666666667e+09 7.422965882881460e-02 -1.555681174373600e-01
2.328333333333334e+09 7.279915267027794e-02 -1.555453035272701e-01
2.330000000000000e+09 7.137237304602741e-02 -1.554991926273336e-01
2.331666666666667e+09 6.995029010384612e-02 -1.554299762750879e-01
2.333333333333334e+09 6.853383958898177e-02 -1.553379002342137e-01
2.335000000000000e+09 6.712392043496575e-02 -1.552232602028202e-01
2.336666666666667e+09 6.572139280991425e-02 -1.550863972704635e-01
2.338333333333334e+09 6.432707695927607e-02 -1.549276932846942e-01
2.340000000000000e+09 6.294175290800912e-02 -1.547475666597508e-01
2.341666666666667e+09 6.156616052099194e-02 -1.545464690921561e-01
2.343333333333334e+09 6.020099912641157e-02 -1.543248830383268e-01
2.345000000000000e+09 5.884692629968185e-02 -1.540833191315804e-01
2.346666666666667e+09 5.750455628559933e-02 -1.538223126405869e-01
2.348333333333334e+09 5.617445916835720e-02 -1.535424188140898e-01
2.350000000000000e+09 5.485716164560241e-02 -1.532442079838729e-01
2.351666666666667e+09 5.355314921584095e-02 -1.529282617217307e-01
2.353333333333334e+09 5.226286858091333e-02 -1.525951707159163e-01
2.355000000000000e+09 5.098672898374519e-02 -1.522455338013159e-01
2.356666666666667e+09 4.972510218073243e-02 -1.518799567750128e-01
2.358333333333334e+09 4.847832198833992e-02 -1.514990499731691e-01
2.360000000000000e+09 4.724668477030748e-02 -1.511034248139188e-01
2.361666666666667e+09 4.603045144831699e-02 -1.506936905634693e-01
2.363333333333334e+09 4.482985029589359e-02 -1.502704525151267e-01
2.365000000000000e+09 4.364507909317156e-02 -1.498343116152979e-01
2.366666666666667e+09 4.247630582196669e-02 -1.493858643439721e-01
2.368333333333334e+09 4.132366846734460e-02 -1.489257014830815e-01
2.370000000000000e+09 4.018727542701132e-02 -1.484544054972097e-01
2.371666666666667e+09 3.906720762835254e-02 -1.479725476794697e-01
2.373333333333334e+09 3.796352199588080e-02 -1.474806867000827e-01
2.375000000000000e+09 3.687625464318584e-02 -1.469793692379532e-01
2.376666666666667e+09 3.580542221963728e-02 -1.464691317367410e-01
2.378333333333334e+09 3.475102124419371e-02 -1.459505013962691e-01
2.380000000000000e+09 3.371302686373155e-02 -1.454239951106728e-01
2.381666666666667e+09 3.269139294087026e-02 -1.448901167297986e-01
2.383333333333334e+09 3.168605431347569e-02 -1.443493543837228e-01
2.385000000000000e+09 3.069693035769629e-02 -1.438021795665292e-01
2.386666666666667e+09 2.972392802381246e-02 -1.432490483021751e-01
2.388333333333334e+09 2.876694303124882e-02 -1.426904031711542e-01
2.390000000000000e+09 2.782585940065156e-02 -1.421266744953260e-01
2.391666666666667e+09 2.690054871415242e-02 -1.415582798537674e-01
2.393333333333334e+09 2.599087050525748e-02 -1.409856225192662e-01
2.395000000000000e+09 2.509667411060617e-02 -1.404090901999134e-01
2.396666666666667e+09 2.421780112730630e-02 -1.398290551042660e-01
2.398333333333334e+09 2.335408723870429e-02 -1.392458752618201e-01
2.400000000000000e+09 2.250536276120413e-02 -1.386598961545781e-01
2.401666666666667e+09 2.167145222001536e-02 -1.380714516616548e-01
2.403333333333334e+09 2.085217382194506e-02 -1.374808639631977e-01
2.405000000000000e+09 2.004733955809534e-02 -1.368884427859407e-01
2.406666666666667e+09 1.925675610869960e-02 -1.362944846868069e-01
2.408333333333334e+09 1.848022621277101e-02 -1.356992728908461e-01
2.410000000000000e+09 1.771754998168910e-02 -1.351030777912898e-01
2.411666666666667e+09 1.696852575557571e-02 -1.345061578663985e-01
2.413333333333334e+09 1.623295037735322e-02 -1.339087605939195e-01
2.415000000000000e+09 1.551061907511297e-02 -1.333111229720409e-01
2.416666666666667e+09 1.480132538801221e-02 -1.327134714985128e-01
2.418333333333334e+09 1.410486157600250e-02 -1.321160218598715e-01
2.420000000000000e+09 1.342101959935401e-02 -1.315189788999879e-01
2.421666666666667e+09 1.274959219597968e-02 -1.309225373380626e-01
2.423333333333334e+09 1.209037328785591e-02 -1.303268831017375e-01
2.425000000000000e+09 1.144315732971600e-02 -1.297321944426821e-01
2.426666666666667e+09 1.080773814302799e-02 -1.291386419030946e-01
2.428333333333334e+09 1.018390848969101e-02 -1.285463870289098e-01
2.430000000000000e+09 9.571461320954770e-03 -1.279555809472534e-01
2.431666666666667e+09 8.970192278195571e-03 -1.273663644260258e-01
2.433333333333334e+09 8.379901670654380e-03 -1.267788700961041e-01
2.435000000000000e+09 7.800394139242010e-03 -1.261932256667385e-01
2.436666666666667e+09 7.231475883405258e-03 -1.256095557567324e-01
2.438333333333334e+09 6.672951479498991e-03 -1.250279806839077e-01
2.440000000000000e+09 6.124623050709959e-03 -1.244486129179747e-01
2.441666666666667e+09 5.586292942631562e-03 -1.238715540322652e-01
2.443333333333334e+09 5.057768211634409e-03 -1.232968949304607e-01
2.445000000000000e+09 4.538863525212771e-03 -1.227247196482427e-01
2.446666666666667e+09 4.029400133577837e-03 -1.221551100680487e-01
2.448333333333334e+09 3.529201705720655e-03 -1.215881479936834e-01
2.450000000000000e+09 3.038090431863632e-03 -1.210239131247191e-01
2.451666666666667e+09 2.555886579706566e-03 -1.204624788694442e-01
2.453333333333334e+09 2.082411747922844e-03 -1.199039097203841e-01
2.455000000000000e+09 1.617492905132347e-03 -1.193482624959034e-01
2.456666666666667e+09 1.160963703458017e-03 -1.187955903421246e-01
2.458333333333334e+09 7.126620443352234e-04 -1.182459459983704e-01
2.460000000000000e+09 2.724262247655892e-04 -1.176993815744904e-01
2.461666666666667e+09 -1.599067957309667e-04 -1.171559452739974e-01
2.463333333333334e+09 -5.844994529600403e-04 -1.166156782315856e-01
2.465000000000000e+09 -1.001509747671871e-03 -1.160786144625015e-01
2.466666666666667e+09 -1.411088967694609e-03 -1.155447840590474e-01
2.468333333333334e+09 -1.813382919079908e-03 -1.150142168713736e-01
2.470000000000000e+09 -2.208535443325583e-03 -1.144869435956489e-01
2.471666666666667e+09 -2.596691065868951e-03 -1.139629936426270e-01
2.473333333333334e+09 -2.977994624876443e-03 -1.134423920191410e-01
2.475000000000000e+09 -3.352588584442172e-03 -1.129251581005429e-01
2.476666666666667e+09 -3.720610704006499e-03 -1.124113071625050e-01
2.478333333333334e+09 -4.082194061543813e-03 -1.119008529344975e-01
2.480000000000000e+09 -4.437468954438631e-03 -1.113938087316907e-01
2.481666666666667e+09 -4.786564442172541e-03 -1.108901864451242e-01
2.483333333333334e+09 -5.129607926935826e-03 -1.103899949576348e-01
2.485000000000000e+09 -5.466723421729498e-03 -1.098932400701924e-01
2.486666666666667e+09 -5.798030653507629e-03 -1.093999262985208e-01
2.488333333333334e+09 -6.123646329413458e-03 -1.089100587606556e-01
2.490000000000000e+09 -6.443686587473794e-03 -1.084236430753284e-01
2.491666666666667e+09 -6.758268241292734e-03 -1.079406831097373e-01
2.493333333333334e+09 -7.067507429902710e-03 -1.074611786496461e-01
2.495000000000000e+09 -7.371516786638692e-03 -1.069851253236828e-01
2.496666666666667e+09 -7.670403769976485e-03 -1.065125170393216e-01
2.498333333333334e+09 -7.964271780786304e-03 -1.060433487670691e-01
2.500000000000000e+09 -8.253223055495794e-03 -1.055776171323277e-01
2.501666666666667e+09 -8.537360631037039e-03 -1.051153183542721e-01
2.503333333333334e+09 -8.816787591009134e-03 -1.046564455995020e-01
2.505000000000000e+09 -9.091604435412078e-03 -1.042009883300123e-01
2.506666666666667e+09 -9.361907189274238e-03 -1.037489342350562e-01
2.508333333333334e+09 -9.627788058091877e-03 -1.033002718230239e-01
2.510000000000000e+09 -9.889337890751179e-03 -1.028549911878398e-01
2.511666666666667e+09 -1.014664797575333e-02 -1.024130823644976e-01
2.513333333333334e+09 -1.039980947832672e-02 -1.019745331009324e-01
2.515000000000000e+09 -1.064891127770990e-02 -1.015393283655720e-01
2.516666666666667e+09 -1.089403856100978e-02 -1.011074520260108e-01
2.518333333333334e+09 -1.113527364746304e-02 -1.006788888511410e-01
2.520000000000000e+09 -1.137269809673706e-02 -1.002536246876854e-01
2.521666666666667e+09 -1.160639374888055e-02 -9.983164466561648e-02
2.523333333333334e+09 -1.183644147387948e-02 -9.941293149220799e-02
2.525000000000000e+09 -1.206291894177766e-02 -9.899746592305793e-02
2.526666666666667e+09 -1.228589997425160e-02 -9.858522920262192e-02
2.528333333333334e+09 -1.250545654747541e-02 -9.817620499162201e-02
2.530000000000000e+09 -1.272166167557855e-02 -9.777037853069401e-02
2.531666666666667e+09 -1.293459016744462e-02 -9.736773352331048e-02
2.533333333333334e+09 -1.314431612017588e-02 -9.696824977785633e-02
2.535000000000000e+09 -1.335090934180076e-02 -9.657190428393396e-02
2.536666666666667e+09 -1.355443434336541e-02 -9.617867516753725e-02
2.538333333333334e+09 -1.375495339536540e-02 -9.578854491126190e-02
2.540000000000000e+09 -1.395253122070955e-02 -9.540149948827344e-02
2.541666666666667e+09 -1.414723697776933e-02 -9.501752370668499e-02
2.543333333333334e+09 -1.433914136218259e-02 -9.463659677066624e-02
2.545000000000000e+09 -1.452831111595057e-02 -9.425869219897104e-02
2.546666666666667e+09 -1.471480580570202e-02 -9.388378242644875e-02
2.548333333333334e+09 -1.489867984060109e-02 -9.351184409226800e-02
2.550000000000000e+09 -1.507998794784823e-02 -9.314285928755621e-02
2.551666666666667e+09 -1.525878911940299e-02 -9.277681171034294e-02
2.553333333333334e+09 -1.543514545484157e-02 -9.241368139260285e-02
2.555000000000000e+09 -1.560911710006132e-02 -9.205344298908008e-02
2.556666666666667e+09 -1.578075815509783e-02 -9.169606926214303e-02
2.558333333333334e+09 -1.595011752617687e-02 -9.134153649222566e-02
2.560000000000000e+09 -1.611724406055896e-02 -9.098982670318694e-02
2.561666666666667e+09 -1.628219128919365e-02 -9.064092453978181e-02
2.563333333333334e+09 -1.644501746419028e-02 -9.029481157761469e-02
2.565000000000000e+09 -1.660578091737999e-02 -8.995146315017340e-02
2.566666666666667e+09 -1.676453496827358e-02 -8.961085036534570e-02
2.568333333333334e+09 -1.692132679751993e-02 -8.927294523854661e-02
2.570000000000000e+09 -1.707620088061185e-02 -8.893772426703261e-02
2.571666666666667e+09 -1.722920349263237e-02 -8.860516758771594e-02
2.573333333333334e+09 -1.738038424194579e-02 -8.827525511908328e-02
2.575000000000000e+09 -1.752979380979867e-02 -8.794796363105831e-02
2.576666666666667e+09 -1.767748070981913e-02 -8.762326726378154e-02
2.578333333333334e+09 -1.782349041645432e-02 -8.730114034067894e-02
2.580000000000000e+09 -1.796786739146717e-02 -8.698155917934293e-02
2.581666666666667e+09 -1.811065744729173e-02 -8.666450101374000e-02
2.583333333333334e+09 -1.825190770407600e-02 -8.634994142645405e-02
2.585000000000000e+09 -1.839166417747968e-02 -8.603785332755085e-02
2.586666666666667e+09 -1.852996974598559e-02 -8.572820880333028e-02
2.588333333333334e+09 -1.866686496772007e-02 -8.542098194061697e-02
2.590000000000000e+09 -1.880239118401916e-02 -8.511614946385730e-02
2.591666666666667e+09 -1.893659273394464e-02 -8.481368815490813e-02
2.593333333333334e+09 -1.906951574628551e-02 -8.451357144400604e-02
2.595000000000000e+09 -1.920120438732282e-02 -8.421576869754553e-02
2.596666666666667e+09 -1.933169820549165e-02 -8.392024823856913e-02
2.598333333333334e+09 -1.946103341155394e-02 -8.362698138027087e-02
2.600000000000000e+09 -1.958924717792832e-02 -8.333594351430487e-02
2.601666666666667e+09 -1.971638098793791e-02 -8.304711096367401e-02
2.603333333333334e+09 -1.984247980977108e-02 -8.276045637998097e-02
2.605000000000000e+09 -1.996758780327091e-02 -8.247594693842154e-02
2.606666666666667e+09 -2.009174458527929e-02 -8.219354694022486e-02
2.608333333333334e+09 -2.021498550690885e-02 -8.191322220662615e-02
2.610000000000000e+09 -2.033734546439573e-02 -8.163494198211400e-02
2.611666666666667e+09 -2.045886233882998e-02 -8.135867660590766e-02
2.613333333333334e+09 -2.057957663014574e-02 -8.108439344274548e-02
2.615000000000000e+09 -2.069952774792350e-02 -8.081205527052832e-02
2.616666666666667e+09 -2.081875084422237e-02 -8.054162278373292e-02
2.618333333333334e+09 -2.093727755857241e-02 -8.027305861851007e-02
2.620000000000000e+09 -2.105514005525789e-02 -8.000632863567289e-02
2.621666666666667e+09 -2.117237426045232e-02 -7.974139887617160e-02
2.623333333333334e+09 -2.128901881978828e-02 -7.947823102516895e-02
2.625000000000000e+09 -2.140511052346223e-02 -7.921678092851540e-02
2.626666666666667e+09 -2.152068062788267e-02 -7.895700183597405e-02
2.628333333333334e+09 -2.163575586340138e-02 -7.869884929706007e-02
2.630000000000000e+09 -2.175036337504910e-02 -7.844228272535944e-02
2.631666666666667e+09 -2.186453476092318e-02 -7.818726166587624e-02
2.633333333333334e+09 -2.197830487512816e-02 -7.793374001420547e-02
2.635000000000000e+09 -2.209170593357022e-02 -7.768166378873757e-02
2.636666666666667e+09 -2.220476216777147e-02 -7.743097504469479e-02
2.638333333333334e+09 -2.231749020470625e-02 -7.718161874880906e-02
2.640000000000000e+09 -2.242990528459290e-02 -7.693354631092603e-02
2.641666666666667e+09 -2.254202790797079e-02 -7.668671212188109e-02
2.643333333333334e+09 -2.265388469518173e-02 -7.644106568138535e-02
2.645000000000000e+09 -2.276550210826062e-02 -7.619654610184506e-02
2.646666666666667e+09 -2.287689799967233e-02 -7.595308403421358e-02
2.648333333333334e+09 -2.298807808648371e-02 -7.571060977377798e-02
2.650000000000000e+09 -2.309904044319417e-02 -7.546906093700281e-02
2.651666666666667e+09 -2.320978439662717e-02 -7.522838331649609e-02
2.653333333333334e+09 -2.332031652370656e-02 -7.498852410033975e-02
2.655000000000000e+09 -2.343064881148757e-02 -7.474942281363856e-02
2.656666666666667e+09 -2.354079028927733e-02 -7.451100703090782e-02
2.658333333333334e+09 -2.365073836924077e-02 -7.427319600158830e-02
2.660000000000000e+09 -2.376047596807503e-02 -7.403590928991337e-02
2.661666666666667e+09 -2.386997581809908e-02 -7.379907417556726e-02
2.663333333333334e+09 -2.397920820065520e-02 -7.356262709950281e-02
2.665000000000000e+09 -2.408814648415344e-02 -7.332650909784007e-02
2.666666666666667e+09 -2.419676711681589e-02 -7.309065916542525e-02
2.668333333333334e+09 -2.430504482751611e-02 -7.285501020615233e-02
2.670000000000000e+09 -2.441294665502002e-02 -7.261948983617257e-02
2.671666666666667e+09 -2.452042851268493e-02 -7.238402498942735e-02
2.673333333333334e+09 -2.462743588568444e-02 -7.214854722894234e-02
2.675000000000000e+09 -2.473390764146314e-02 -7.191299574733016e-02
2.676666666666667e+09 -2.483978028746410e-02 -7.167731675004693e-02
2.678333333333334e+09 -2.494498998121766e-02 -7.144146013914437e-02
2.680000000000000e+09 -2.504947105616662e-02 -7.120537602771863e-02
2.681666666666667e+09 -2.515315203407450e-02 -7.096901378015001e-02
2.683333333333334e+09 -2.525595185312440e-02 -7.073232475640791e-02
2.685000000000000e+09 -2.535777914810452e-02 -7.049526746642616e-02
2.686666666666667e+09 -2.545853552100650e-02 -7.025781199393316e-02
2.688333333333334e+09 -2.555812092851133e-02 -7.001994081119427e-02
2.690000000000000e+09 -2.565643763534950e-02 -6.978164557866788e-02
2.691666666666667e+09 -2.575339010306320e-02 -6.954292251372113e-02
2.693333333333334e+09 -2.584888120502362e-02 -6.930377007616854e-02
2.695000000000000e+09 -2.594280798844822e-02 -6.906419100574610e-02
2.696666666666667e+09 -2.603506056724082e-02 -6.882419743343814e-02
2.698333333333334e+09 -2.612552532662404e-02 -6.858381551418451e-02
2.700000000000000e+09 -2.621409043574099e-02 -6.834308656972189e-02
2.701666666666667e+09 -2.630065025746498e-02 -6.810206448948083e-02
2.703333333333334e+09 -2.638510655014445e-02 -6.786081173766834e-02
2.705000000000000e+09 -2.646736699263182e-02 -6.761939674164361e-02
2.706666666666667e+09 -2.654734323448645e-02 -6.737789373007072e-02
2.708333333333334e+09 -2.662495026255524e-02 -6.713638406009288e-02
2.710000000000000e+09 -2.670010726026275e-02 -6.689495745017093e-02
2.711666666666667e+09 -2.677273906099852e-02 -6.665371241363446e-02
2.713333333333334e+09 -2.684277757181803e-02 -6.641275622777738e-02
2.715000000000000e+09 -2.691016339756253e-02 -6.617220478866860e-02
2.716666666666667e+09 -2.697484803217943e-02 -6.593218190527785e-02
2.718333333333334e+09 -2.703679611131151e-02 -6.569281722078468e-02
2.720000000000000e+09 -2.709598639064795e-02 -6.545424278251265e-02
2.721666666666667e+09 -2.715241052869179e-02 -6.521658963914981e-02
2.723333333333334e+09 -2.720607033628889e-02 -6.497998624885433e-02
2.725000000000000e+09 -2.725697547836280e-02 -6.474455925629405e-02
2.726666666666667e+09 -2.730514330325970e-02 -6.451043530465363e-02
2.728333333333334e+09 -2.735060067559807e-02 -6.427774173571123e-02
2.730000000000000e+09 -2.739338601617120e-02 -6.404660508911225e-02
2.731666666666667e+09 -2.743354973567380e-02 -6.381714824913101e-02
2.733333333333334e+09 -2.747115281733587e-02 -6.358948808517008e-02
2.735000000000000e+09 -2.750626487285003e-02 -6.336373464301130e-02
2.736666666666667e+09 -2.753896307319286e-02 -6.313999129975353e-02
2.738333333333334e+09 -2.756933202423910e-02 -6.291835451230941e-02
2.740000000000000e+09 -2.759746342670758e-02 -6.269891259646564e-02
2.741666666666667e+09 -2.762345455718312e-02 -6.248174439788092e-02
2.743333333333334e+09 -2.764740598589467e-02 -6.226691915104212e-02
2.745000000000000e+09 -2.766941997118342e-02 -6.205449774729123e-02
2.746666666666667e+09 -2.768960046441355e-02 -6.184453417969139e-02
2.748333333333334e+09 -2.770805408497924e-02 -6.163707568571380e-02
2.750000000000000e+09 -2.772489042541002e-02 -6.143216140520113e-02
2.751666666666667e+09 -2.774022070824269e-02 -6.122982089911073e-02
2.753333333333334e+09 -2.775415548567899e-02 -6.103007403265173e-02
2.755000000000000e+09 -2.776680300507850e-02 -6.083293233352276e-02
2.756666666666667e+09 -2.777826906512973e-02 -6.063840046843715e-02
2.758333333333334e+09 -2.778865751590818e-02 -6.044647653127508e-02
2.760000000000000e+09 -2.779806985644888e-02 -6.025715138117037e-02
2.761666666666667e+09 -2.780660350973527e-02 -6.007040861498353e-02
2.763333333333334e+09 -2.781435015755555e-02 -5.988622631055103e-02
2.765000000000000e+09 -2.782139596105455e-02 -5.970457972507766e-02
2.766666666666667e+09 -2.782782383939794e-02 -5.952544271379438e-02
2.768333333333334e+09 -2.783371575178879e-02 -5.934878646288693e-02
2.770000000000000e+09 -2.783915250452135e-02 -5.917457667694173e-02
2.771666666666667e+09 -2.784421073741499e-02 -5.900277214930522e-02
2.773333333333334e+09 -2.784895955680999e-02 -5.883332667282245e-02
2.775000000000000e+09 -2.785345994820107e-02 -5.866619316367098e-02
2.776666666666667e+09 -2.785776769127477e-02 -5.850132658315084e-02
2.778333333333334e+09 -2.786193714096917e-02 -5.833868315317272e-02
2.780000000000000e+09 -2.786602223189592e-02 -5.817821685104363e-02
2.781666666666667e+09 -2.787007363183387e-02 -5.801987694838657e-02
2.783333333333334e+09 -2.787413483328697e-02 -5.786360956475092e-02
2.785000000000000e+09 -2.787824134870490e-02 -5.770936232517795e-02
2.786666666666667e+09 -2.788242445066492e-02 -5.755708787037243e-02
2.788333333333334e+09 -2.788671641620015e-02 -5.740674257258373e-02
2.790000000000000e+09 -2.789115228856553e-02 -5.725828114503374e-02
2.791666666666667e+09 -2.789576592862046e-02 -5.711165199119157e-02
2.793333333333334e+09 -2.790058335760355e-02 -5.696679806117732e-02
2.795000000000000e+09 -2.790561930686059e-02 -5.682366336542154e-02
2.796666666666667e+09 -2.791088056358281e-02 -5.668220012809488e-02
2.798333333333334e+09 -2.791637394195359e-02 -5.654237058891692e-02
2.800000000000000e+09 -2.792211258353805e-02 -5.640414178097561e-02
2.801666666666667e+09 -2.792811555446146e-02 -5.626747753274913e-02
2.803333333333334e+09 -2.793440133227465e-02 -5.613233425009671e-02
2.805000000000000e+09 -2.794098083033262e-02 -5.599866370872657e-02
2.806666666666667e+09 -2.794785570568145e-02 -5.586642012172017e-02
2.808333333333334e+09 -2.795502292230340e-02 -5.573556539500640e-02
2.810000000000000e+09 -2.796248126155399e-02 -5.560606851336271e-02
2.811666666666667e+09 -2.797023428525789e-02 -5.547790031396390e-02
2.813333333333334e+09 -2.797828788537845e-02 -5.535102864090686e-02
2.815000000000000e+09 -2.798664541335283e-02 -5.522541790145832e-02
2.816666666666667e+09 -2.799530506979795e-02 -5.510103266055358e-02
2.818333333333334e+09 -2.800426155480052e-02 -5.497784136327086e-02
2.820000000000000e+09 -2.801350978947812e-02 -5.485581669478897e-02
2.821666666666667e+09 -2.802304681725087e-02 -5.473493270909287e-02
2.823333333333334e+09 -2.803287014813208e-02 -5.461516202029753e-02
2.825000000000000e+09 -2.804297449002019e-02 -5.449647610239785e-02
2.826666666666667e+09 -2.805335041930029e-02 -5.437884853901302e-02
2.828333333333334e+09 -2.806398665877919e-02 -5.426225810687423e-02
2.830000000000000e+09 -2.807487419015671e-02 -5.414668864455478e-02
2.831666666666667e+09 -2.808600869747302e-02 -5.403212555371034e-02
2.833333333333334e+09 -2.809738930541699e-02 -5.391855172304359e-02
2.835000000000000e+09 -2.810901472900076e-02 -5.380594603633490e-02
2.836666666666667e+09 -2.812087991094414e-02 -5.369428532410288e-02
2.838333333333334e+09 -2.813297546531338e-02 -5.358354789113969e-02
2.840000000000000e+09 -2.814528978657200e-02 -5.347371591675814e-02
2.841666666666667e+09 -2.815781182125750e-02 -5.336477542026399e-02
2.843333333333334e+09 -2.817053258824734e-02 -5.325671450744399e-02
2.845000000000000e+09 -2.818344498047570e-02 -5.314952150528176e-02
2.846666666666667e+09 -2.819654261458058e-02 -5.304318402660061e-02
2.848333333333334e+09 -2.820981863948598e-02 -5.293768901185516e-02
2.850000000000000e+09 -2.822326491018171e-02 -5.283302338592513e-02
2.851666666666667e+09 -2.823687166828206e-02 -5.272917511692431e-02
2.853333333333334e+09 -2.825062801887249e-02 -5.262613445373773e-02
2.855000000000000e+09 -2.826452341333091e-02 -5.252389467287227e-02
2.856666666666667e+09 -2.827854959186001e-02 -5.242245142412200e-02
2.858333333333334e+09 -2.829270157755193e-02 -5.232180049272545e-02
2.860000000000000e+09 -2.830697648315184e-02 -5.222193523642605e-02
2.861666666666667e+09 -2.832137044924456e-02 -5.212284576410790e-02
2.863333333333334e+09 -2.833587582805032e-02 -5.202452096452408e-02
2.865000000000000e+09 -2.835048099004259e-02 -5.192695222284049e-02
2.866666666666667e+09 -2.836517325364375e-02 -5.183013600768130e-02
2.868333333333334e+09 -2.837994283518653e-02 -5.173407314989611e-02
2.870000000000000e+09 -2.839478470808568e-02 -5.163876526434683e-02
2.871666666666667e+09 -2.840969690459211e-02 -5.154421116792203e-02
2.873333333333334e+09 -2.842467675685553e-02 -5.145040614883886e-02
2.875000000000000e+09 -2.843971824747356e-02 -5.135734448090254e-02
2.876666666666667e+09 -2.845481253641568e-02 -5.126502283632551e-02
2.878333333333334e+09 -2.846995088939639e-02 -5.117344166979244e-02
2.880000000000000e+09 -2.848512725016408e-02 -5.108260365544768e-02
2.881666666666667e+09 -2.850033830156537e-02 -5.099251091707451e-02
2.883333333333334e+09 -2.851558132916798e-02 -5.090316365960652e-02
2.885000000000000e+09 -2.853085214593940e-02 -5.081456123667919e-02
2.886666666666667e+09 -2.854614501377546e-02 -5.072670432648313e-02
2.888333333333334e+09 -2.856145440928866e-02 -5.063959600125148e-02
2.890000000000000e+09 -2.857677674823699e-02 -5.055324075973128e-02
2.891666666666667e+09 -2.859211040886915e-02 -5.046764262727780e-02
2.893333333333334e+09 -2.860745417020330e-02 -5.038280420721526e-02
2.895000000000000e+09 -2.862280565056376e-02 -5.029872748193671e-02
2.896666666666667e+09 -2.863816112978941e-02 -5.021541546885557e-02
2.898333333333334e+09 -2.865351668640612e-02 -5.013287323697248e-02
2.900000000000000e+09 -2.866886947945232e-02 -5.005110768768092e-02
2.901666666666667e+09 -2.868421827451240e-02 -4.997012673313703e-02
2.903333333333334e+09 -2.869956338755114e-02 -4.988993872554786e-02
2.905000000000000e+09 -2.871490671558935e-02 -4.981055216658733e-02
2.906666666666667e+09 -2.873025188685306e-02 -4.973197508264554e-02
2.908333333333334e+09 -2.874560373269614e-02 -4.965421396772991e-02
2.910000000000000e+09 -2.876096658710773e-02 -4.957727334113518e-02
2.911666666666667e+09 -2.877634239616824e-02 -4.950115717341946e-02
2.913333333333334e+09 -2.879173069037646e-02 -4.942587191413392e-02
2.915000000000000e+09 -2.880713152373839e-02 -4.935142879884863e-02
2.916666666666667e+09 -2.882254981591534e-02 -4.927784277850100e-02
2.918333333333334e+09 -2.883799751642670e-02 -4.920512779062224e-02
2.920000000000000e+09 -2.885349096214456e-02 -4.913329149906062e-02
2.921666666666667e+09 -2.886904451981893e-02 -4.906233391602488e-02
2.923333333333334e+09 -2.888466509751232e-02 -4.899225180671034e-02
2.925000000000000e+09 -2.890035208978808e-02 -4.892304615383816e-02
2.926666666666667e+09 -2.891610334304934e-02 -4.885472712103878e-02
2.928333333333334e+09 -2.893192290694758e-02 -4.878731257817074e-02
2.930000000000000e+09 -2.894782478718116e-02 -4.872082123160650e-02
2.931666666666667e+09 -2.896383007554006e-02 -4.865526562191490e-02
2.933333333333334e+09 -2.897996008833997e-02 -4.859065015102847e-02
2.935000000000000e+09 -2.899623107025637e-02 -4.852697503444625e-02
2.936666666666667e+09 -2.901265427531978e-02 -4.846424235561684e-02
2.938333333333334e+09 -2.902924055552926e-02 -4.840245917804628e-02
2.940000000000000e+09 -2.904600510317732e-02 -4.834163568240535e-02
2.941666666666667e+09 -2.906296850227195e-02 -4.828178060988233e-02
2.943333333333334e+09 -2.908015386742030e-02 -4.822289813165455e-02
2.945000000000000e+09 -2.909758311601139e-02 -4.816498838177544e-02
2.946666666666667e+09 -2.911527558102492e-02 -4.810805041884560e-02
2.948333333333334e+09 -2.913324955505115e-02 -4.805208456972471e-02
2.950000000000000e+09 -2.915152470627656e-02 -4.799709228155161e-02
2.951666666666667e+09 -2.917012299348501e-02 -4.794307421455351e-02
2.953333333333334e+09 -2.918906760185687e-02 -4.789002872866326e-02
2.955000000000000e+09 -2.920838136799977e-02 -4.783795205221738e-02
2.956666666666667e+09 -2.922808630815837e-02 -4.778683951351007e-02
2.958333333333334e+09 -2.924820440221560e-02 -4.773668631237232e-02
2.960000000000000e+09 -2.926875847430045e-02 -4.768748712669826e-02
2.961666666666667e+09 -2.928977217543343e-02 -4.763923523588949e-02
2.963333333333334e+09 -2.931126929042466e-02 -4.759192221719322e-02
2.965000000000000e+09 -2.933327334094446e-02 -4.754553836170039e-02
2.966666666666667e+09 -2.935580790661970e-02 -4.750007298145104e-02
2.968333333333334e+09 -2.937889699604246e-02 -4.745551395668664e-02
2.970000000000000e+09 -2.940256458519343e-02 -4.741184698939650e-02
2.971666666666667e+09 -2.942683347660219e-02 -4.736905567366181e-02
2.973333333333334e+09 -2.945172472937438e-02 -4.732712271021448e-02
2.975000000000000e+09 -2.947725861779013e-02 -4.728603110680145e-02
2.976666666666667e+09 -2.950345642219036e-02 -4.724576376281691e-02
2.978333333333334e+09 -2.953034104506246e-02 -4.720630125881253e-02
2.980000000000000e+09 -2.955793512991411e-02 -4.716761973192343e-02
2.981666666666667e+09 -2.958625772550690e-02 -4.712969120419151e-02
2.983333333333334e+09 -2.961532232806386e-02 -4.709248677088237e-02
2.985000000000000e+09 -2.964513832885651e-02 -4.705598028905134e-02
2.986666666666667e+09 -2.967571491852411e-02 -4.702014938127872e-02
2.988333333333334e+09 -2.970706409387075e-02 -4.698497278287847e-02
2.990000000000000e+09 -2.973920005130301e-02 -4.695042642174264e-02
2.991666666666667e+09 -2.977213556314148e-02 -4.691648188613688e-02
2.993333333333334e+09 -2.980587881906358e-02 -4.688310870392350e-02
2.995000000000000e+09 -2.984043377527845e-02 -4.685027814553471e-02
2.996666666666667e+09 -2.987580355440213e-02 -4.681796472290526e-02
2.998333333333334e+09 -2.991199327368736e-02 -4.678614387071198e-02
3.000000000000000e+09 -2.994900913302102e-02 -4.675478831469631e-02
