2.000000000000000e+09 5.918105233090177e+00 -7.504493573605859e+01
2.001666666666667e+09 5.926847119599452e+00 -7.487273961839669e+01
2.003333333333333e+09 5.935481733860605e+00 -7.469690013644532e+01
2.005000000000000e+09 5.944002620738662e+00 -7.451732411703857e+01
2.006666666666667e+09 5.952403052754494e+00 -7.433391500696821e+01
2.008333333333333e+09 5.960675958777098e+00 -7.414657339569428e+01
2.010000000000000e+09 5.968813942505394e+00 -7.395519767003655e+01
2.011666666666667e+09 5.976809356753333e+00 -7.375968401964828e+01
2.013333333333333e+09 5.984654344701384e+00 -7.355992576216738e+01
2.015000000000000e+09 5.992340797097671e+00 -7.335581267344305e+01
2.016666666666667e+09 5.999860261816305e+00 -7.314723098614969e+01
2.018333333333333e+09 6.007203890941992e+00 -7.293406402876408e+01
2.020000000000000e+09 6.014362474404121e+00 -7.271619282982456e+01
2.021666666666667e+09 6.021326525454972e+00 -7.249349603820997e+01
2.023333333333333e+09 6.028086333293905e+00 -7.226584916120784e+01
2.025000000000000e+09 6.034631928553522e+00 -7.203312376075731e+01
2.026666666666667e+09 6.040952987961551e+00 -7.179518727765482e+01
2.028333333333333e+09 6.047038759177077e+00 -7.155190356948879e+01
2.030000000000000e+09 6.052878065710289e+00 -7.130313361190481e+01
2.031666666666667e+09 6.058459376471582e+00 -7.104873570934008e+01
2.033333333333333e+09 6.063770865892404e+00 -7.078856506565330e+01
2.035000000000000e+09 6.068800402921941e+00 -7.052247319621242e+01
2.036666666666667e+09 6.073535478628378e+00 -7.025030783765463e+01
2.038333333333333e+09 6.077963146360893e+00 -6.997191356896096e+01
2.040000000000000e+09 6.082070045385309e+00 -6.968713269173966e+01
2.041666666666667e+09 6.085842508867836e+00 -6.939580562095813e+01
2.043333333333333e+09 6.089266680485386e+00 -6.909777038352337e+01
2.045000000000000e+09 6.092328548176594e+00 -6.879286153716291e+01
2.046666666666667e+09 6.095013864346132e+00 -6.848090932298736e+01
2.048333333333333e+09 6.097308010186238e+00 -6.816173974714079e+01
2.050000000000000e+09 6.099195906259538e+00 -6.783517564606579e+01
2.051666666666667e+09 6.100662037979941e+00 -6.750103812588239e+01
2.053333333333333e+09 6.101690582396175e+00 -6.715914756987181e+01
2.055000000000000e+09 6.102265556843496e+00 -6.680932378343736e+01
2.056666666666667e+09 6.102370907174632e+00 -6.645138546779970e+01
2.058333333333333e+09 6.101990507086786e+00 -6.608514962008513e+01
2.060000000000000e+09 6.101108103270525e+00 -6.571043141208109e+01
2.061666666666667e+09 6.099707268235200e+00 -6.532704472748178e+01
2.063333333333333e+09 6.097771404255353e+00 -6.493480315825521e+01
2.065000000000000e+09 6.095283803312924e+00 -6.453352110804272e+01
2.066666666666667e+09 6.092227740485368e+00 -6.412301472535596e+01
2.068333333333333e+09 6.088586572989835e+00 -6.370310254516257e+01
2.070000000000000e+09 6.084343823981864e+00 -6.327360584379195e+01
2.071666666666667e+09 6.079483237038657e+00 -6.283434881569369e+01
2.073333333333333e+09 6.073988794510617e+00 -6.238515880082495e+01
2.075000000000000e+09 6.067844708338229e+00 -6.192586687768009e+01
2.076666666666667e+09 6.061035413573182e+00 -6.145630905883541e+01
2.078333333333333e+09 6.053545605102453e+00 -6.097632803042703e+01
2.080000000000000e+09 6.045360339330406e+00 -6.048577502186863e+01
2.081666666666667e+09 6.036465179771890e+00 -5.998451127197433e+01
2.083333333333333e+09 6.026846329860015e+00 -5.947240884380389e+01
2.085000000000000e+09 6.016490700838545e+00 -5.894935107240192e+01
2.086666666666667e+09 6.005385909933373e+00 -5.841523329139145e+01
2.088333333333333e+09 5.993520258154396e+00 -5.786996434894921e+01
2.090000000000000e+09 5.980882751946196e+00 -5.731346886607880e+01
2.091666666666667e+09 5.967463193752138e+00 -5.674568966303504e+01
2.093333333333333e+09 5.953252305997601e+00 -5.616658973423903e+01
2.095000000000000e+09 5.938241823904582e+00 -5.557615362998428e+01
2.096666666666667e+09 5.922424520448604e+00 -5.497438868266348e+01
2.098333333333333e+09 5.905794185718129e+00 -5.436132668086349e+01
2.100000000000000e+09 5.888345618448553e+00 -5.373702620601382e+01
2.101666666666667e+09 5.870074666862449e+00 -5.310157526923560e+01
2.103333333333333e+09 5.850978299032237e+00 -5.245509365612079e+01
2.105000000000000e+09 5.831054644100726e+00 -5.179773471159697e+01
2.106666666666667e+09 5.810302962537361e+00 -5.112968686286032e+01
2.108333333333333e+09 5.788723561249937e+00 -5.045117544928122e+01
2.110000000000000e+09 5.766317713746856e+00 -4.976246515070137e+01
2.111666666666667e+09 5.743087634390878e+00 -4.906386274451810e+01
2.113333333333333e+09 5.719036498941381e+00 -4.835571960361181e+01
2.115000000000000e+09 5.694168454059595e+00 -4.763843355784959e+01
2.116666666666667e+09 5.668488562451799e+00 -4.691245026468782e+01
2.118333333333333e+09 5.642002683588999e+00 -4.617826457023403e+01
2.120000000000000e+09 5.614717342116875e+00 -4.543642219278787e+01
2.121666666666667e+09 5.586639638986242e+00 -4.468752160227996e+01
2.123333333333333e+09 5.557777213666114e+00 -4.393221565641029e+01
2.125000000000000e+09 5.528138216219939e+00 -4.317121266527356e+01
2.126666666666667e+09 5.497731243131495e+00 -4.240527693139963e+01
2.128333333333333e+09 5.466565232852899e+00 -4.163522904453402e+01
2.130000000000000e+09 5.434649362152969e+00 -4.086194607938039e+01
2.131666666666667e+09 5.401992987197029e+00 -4.008636153947896e+01
2.133333333333333e+09 5.368605633172852e+00 -3.930946479185070e+01
2.135000000000000e+09 5.334496997557860e+00 -3.853229998362763e+01
2.136666666666667e+09 5.299676938024025e+00 -3.775596473965140e+01
2.138333333333333e+09 5.264155462154007e+00 -3.698160889199421e+01
2.140000000000000e+09 5.227942772388045e+00 -3.621043301871644e+01
2.141666666666667e+09 5.191049400787306e+00 -3.544368610457630e+01
2.143333333333333e+09 5.153486404372404e+00 -3.468266173301438e+01
2.145000000000000e+09 5.115265544734847e+00 -3.392869295467111e+01
2.146666666666667e+09 5.076399399916165e+00 -3.318314676473463e+01
2.148333333333334e+09 5.036901440782523e+00 -3.244741918059123e+01
2.150000000000000e+09 4.996786172739553e+00 -3.172293103020550e+01
2.151666666666667e+09 4.956069424423019e+00 -3.101112340679383e+01
2.153333333333334e+09 4.914768761591577e+00 -3.031345135501628e+01
2.155000000000000e+09 4.872903902251416e+00 -2.963137520123273e+01
2.156666666666667e+09 4.830497002246620e+00 -2.896635041971541e+01
2.158333333333334e+09 4.787572783724159e+00 -2.831981779836523e+01
2.160000000000000e+09 4.744158606744343e+00 -2.769319513294016e+01
2.161666666666667e+09 4.700284623806076e+00 -2.708787013660156e+01
2.163333333333334e+09 4.655984069698090e+00 -2.650519300991098e+01
2.165000000000000e+09 4.611293599226289e+00 -2.594646726320017e+01
2.166666666666667e+09 4.566253516007445e+00 -2.541293880490327e+01
2.168333333333334e+09 4.520907797571100e+00 -2.490578476317318e+01
2.170000000000000e+09 4.475303958359413e+00 -2.442610371989799e+01
2.171666666666667e+09 4.429492879534093e+00 -2.397490785014151e+01
2.173333333333334e+09 4.383528696242992e+00 -2.355311598538605e+01
2.175000000000000e+09 4.337468709421719e+00 -2.316154621935702e+01
2.176666666666667e+09 4.291373198985596e+00 -2.280090771013132e+01
2.178333333333334e+09 4.245305044344648e+00 -2.247179281621357e+01
2.180000000000000e+09 4.199329179616242e+00 -2.217467121656194e+01
2.181666666666667e+09 4.153512010955550e+00 -2.190988668208339e+01
2.183333333333334e+09 4.107920908952921e+00 -2.167765557552866e+01
2.185000000000000e+09 4.062623775181810e+00 -2.147806544629369e+01
2.186666666666667e+09 4.017688577332089e+00 -2.131107295126317e+01
2.188333333333334e+09 3.973182751250918e+00 -2.117650199655108e+01
2.190000000000000e+09 3.929172477243879e+00 -2.107404390554479e+01
2.191666666666667e+09 3.885721949992939e+00 -2.100326068972292e+01
2.193333333333334e+09 3.842892772161612e+00 -2.096359075438555e+01
2.195000000000000e+09 3.800743502364329e+00 -2.095435519025484e+01
2.196666666666667e+09 3.759329272083053e+00 -2.097476326190986e+01
2.198333333333334e+09 3.718701360164815e+00 -2.102391738081995e+01
2.200000000000000e+09 3.678906698651178e+00 -2.110081920498423e+01
2.201666666666667e+09 3.639987397801010e+00 -2.120437830011837e+01
2.203333333333334e+09 3.601980414873478e+00 -2.133342321802973e+01
2.205000000000000e+09 3.564917418045119e+00 -2.148671331787078e+01
2.206666666666667e+09 3.528824781578479e+00 -2.166294951928481e+01
2.208333333333334e+09 3.493723593094693e+00 -2.186078350422668e+01
2.210000000000000e+09 3.459629601735445e+00 -2.207882647241416e+01
2.211666666666667e+09 3.426553137799303e+00 -2.231565905341699e+01
2.213333333333334e+09 3.394499099633793e+00 -2.256984306429626e+01
2.215000000000000e+09 3.363467083055893e+00 -2.283993435490974e+01
2.216666666666667e+09 3.333451651159867e+00 -2.312449520320056e+01
2.218333333333334e+09 3.304442678348792e+00 -2.342210509279308e+01
2.220000000000000e+09 3.276425696937641e+00 -2.373136972508249e+01
2.221666666666667e+09 3.249382215266591e+00 -2.405092891582173e+01
2.223333333333334e+09 3.223290017775763e+00 -2.437946414320610e+01
2.225000000000000e+09 3.198123470173715e+00 -2.471570613698909e+01
2.226666666666667e+09 3.173853843557691e+00 -2.505844246972973e+01
2.228333333333334e+09 3.150449663322617e+00 -2.540652486022607e+01
2.230000000000000e+09 3.127877089809839e+00 -2.575887576992544e+01
2.231666666666667e+09 3.106100334534590e+00 -2.611449380199186e+01
2.233333333333334e+09 3.085082097018589e+00 -2.647245751048697e+01
2.235000000000000e+09 3.064783984298364e+00 -2.683192761220270e+01
2.236666666666667e+09 3.045166874177949e+00 -2.719214810885005e+01
2.238333333333334e+09 3.026191214508989e+00 -2.755244705905633e+01
2.240000000000000e+09 3.007817291445802e+00 -2.791223741213040e+01
2.241666666666667e+09 2.990005512498107e+00 -2.827101764957104e+01
2.243333333333334e+09 2.972716721230108e+00 -2.862837156732315e+01
2.245000000000000e+09 2.955912515829910e+00 -2.898396677418475e+01
2.246666666666667e+09 2.939555526063569e+00 -2.933755215551434e+01
2.248333333333334e+09 2.923609628845374e+00 -2.968895498661691e+01
2.250000000000000e+09 2.908040124838467e+00 -3.003807812931637e+01
2.251666666666667e+09 2.892813913623078e+00 -3.038489706827487e+01
2.253333333333334e+09 2.877899677813911e+00 -3.072945617656196e+01
2.255000000000000e+09 2.863268046800684e+00 -3.107186399610053e+01
2.256666666666667e+09 2.848891703168257e+00 -3.141228812912567e+01
2.258333333333334e+09 2.834745431674328e+00 -3.175095070339657e+01
2.260000000000000e+09 2.820806156386961e+00 -3.208812479594064e+01
2.261666666666667e+09 2.807053016772861e+00 -3.242413111385110e+01
2.263333333333334e+09 2.793467485992254e+00 -3.275933367230781e+01
2.265000000000000e+09 2.780033475907335e+00 -3.309413382367824e+01
2.266666666666667e+09 2.766737361167070e+00 -3.342896333561169e+01
2.268333333333334e+09 2.753567906542347e+00 -3.376427808691362e+01
2.270000000000000e+09 2.740516153756087e+00 -3.410055348181294e+01
2.271666666666667e+09 2.727575349704282e+00 -3.443828120291836e+01
2.273333333333334e+09 2.714740950034626e+00 -3.477796572378384e+01
2.275000000000000e+09 2.702010650809186e+00 -3.512011919580515e+01
2.276666666666667e+09 2.689384359580256e+00 -3.546525481121415e+01
2.278333333333334e+09 2.676864055473779e+00 -3.581388025547587e+01
2.280000000000000e+09 2.664453575068789e+00 -3.616649306035134e+01
2.281666666666667e+09 2.652158421854849e+00 -3.652357832288309e+01
2.283333333333334e+09 2.639985678133612e+00 -3.688560745217455e+01
2.285000000000000e+09 2.627944013564611e+00 -3.725303582131671e+01
2.286666666666667e+09 2.616043703030125e+00 -3.762629806885572e+01
2.288333333333334e+09 2.604296552692705e+00 -3.800580161996663e+01
2.290000000000000e+09 2.592715695136504e+00 -3.839192038692741e+01
2.291666666666667e+09 2.581315301671524e+00 -3.878499059370638e+01
2.293333333333334e+09 2.570110307771300e+00 -3.918530938786686e+01
2.295000000000000e+09 2.559116228176893e+00 -3.959313535040298e+01
2.296666666666667e+09 2.548349074740909e+00 -4.000868920675811e+01
2.298333333333334e+09 2.537825330926733e+00 -4.043215332879080e+01
2.300000000000000e+09 2.527561916363025e+00 -4.086366961222311e+01
2.301666666666667e+09 2.517576094267789e+00 -4.130333633480505e+01
2.303333333333334e+09 2.507885311973540e+00 -4.175120514572652e+01
2.305000000000000e+09 2.498506997124544e+00 -4.220727927066626e+01
2.306666666666667e+09 2.489458348268899e+00 -4.267151347980177e+01
2.308333333333334e+09 2.480756157654953e+00 -4.314381563151936e+01
2.310000000000000e+09 2.472416688684864e+00 -4.362404899841533e+01
2.311666666666667e+09 2.464455605521934e+00 -4.411203440458828e+01
2.313333333333334e+09 2.456887927983684e+00 -4.460755157757820e+01
2.315000000000000e+09 2.449727975265506e+00 -4.511033984849694e+01
2.316666666666667e+09 2.442989275761337e+00 -4.562009895470425e+01
2.318333333333334e+09 2.436684450276498e+00 -4.613649077510640e+01
2.320000000000000e+09 2.430825101404785e+00 -4.665914229704912e+01
2.321666666666667e+09 2.425421743312256e+00 -4.718764937035186e+01
2.323333333333334e+09 2.420483782114407e+00 -4.772158040501430e+01
2.325000000000000e+09 2.416019526243047e+00 -4.826047938959450e+01
2.326666666666667e+09 2.412036192483931e+00 -4.880386822881732e+01
2.328333333333334e+09 2.408539885729999e+00 -4.935124891604346e+01
2.330000000000000e+09 2.405535556453507e+00 -4.990210611158327e+01
2.331666666666667e+09 2.403026957729288e+00 -5.045591035536604e+01
2.333333333333334e+09 2.401016621833001e+00 -5.101212176626755e+01
2.335000000000000e+09 2.399505862255497e+00 -5.157019396145722e+01
2.336666666666667e+09 2.398494796804753e+00 -5.212957802799504e+01
2.338333333333334e+09 2.397982389297937e+00 -5.268972642757493e+01
2.340000000000000e+09 2.397966513075770e+00 -5.325009655835139e+01
2.341666666666667e+09 2.398444035120629e+00 -5.381015351239249e+01
2.343333333333334e+09 2.399410902580309e+00 -5.436937170891709e+01
2.345000000000000e+09 2.400862199939592e+00 -5.492723567704098e+01
2.346666666666667e+09 2.402792155498864e+00 -5.548324094453397e+01
2.348333333333334e+09 2.405194112566240e+00 -5.603689611981400e+01
2.350000000000000e+09 2.408060518605788e+00 -5.658772648531860e+01
2.351666666666667e+09 2.411382988776318e+00 -5.713527814116119e+01
2.353333333333334e+09 2.415152455057626e+00 -5.767912092154704e+01
2.355000000000000e+09 2.419359345868856e+00 -5.821884876564816e+01
2.356666666666667e+09 2.423993706736896e+00 -5.875407784388365e+01
2.358333333333334e+09 2.429045206114083e+00 -5.928444438503440e+01
2.360000000000000e+09 2.434503055254795e+00 -5.980960446290832e+01
2.361666666666667e+09 2.440355943534125e+00 -6.032923653742778e+01
2.363333333333334e+09 2.446592088359631e+00 -6.084304528644054e+01
2.365000000000000e+09 2.453199414993445e+00 -6.135076397688838e+01
2.366666666666667e+09 2.460165777493326e+00 -6.185215345319430e+01
2.368333333333334e+09 2.467479092064374e+00 -6.234699825905732e+01
2.370000000000000e+09 2.475127316075764e+00 -6.283510257136120e+01
2.371666666666667e+09 2.483098324788238e+00 -6.331628872827192e+01
2.373333333333334e+09 2.491379818036451e+00 -6.379039900574792e+01
2.375000000000000e+09 2.499959362901316e+00 -6.425729861483934e+01
2.376666666666667e+09 2.508824564608187e+00 -6.471687685693485e+01
2.378333333333334e+09 2.517963249595299e+00 -6.516904487168635e+01
2.380000000000000e+09 2.527363532774358e+00 -6.561373122427024e+01
2.381666666666667e+09 2.537013736733964e+00 -6.605087836185741e+01
2.383333333333334e+09 2.546902254469070e+00 -6.648044221842729e+01
2.385000000000000e+09 2.557017494898115e+00 -6.690239457753735e+01
2.386666666666667e+09 2.567347981066872e+00 -6.731672544350128e+01
2.388333333333334e+09 2.577882541789819e+00 -6.772344259171275e+01
2.390000000000000e+09 2.588610455645322e+00 -6.812256773280059e+01
2.391666666666667e+09 2.599521438968353e+00 -6.851413146604466e+01
2.393333333333334e+09 2.610605489408255e+00 -6.889817019799582e+01
2.395000000000000e+09 2.621852706825722e+00 -6.927472671115872e+01
2.396666666666667e+09 2.633253228254058e+00 -6.964385333660479e+01
2.398333333333334e+09 2.644797326431692e+00 -7.000561485756526e+01
2.400000000000000e+09 2.656475603576515e+00 -7.036008864398171e+01
2.401666666666667e+09 2.668279151701310e+00 -7.070736162029837e+01
2.403333333333334e+09 2.680199584309299e+00 -7.104752581405405e+01
2.405000000000000e+09 2.692228936329625e+00 -7.138067492958373e+01
2.406666666666667e+09 2.704359509063735e+00 -7.170690339775784e+01
2.408333333333334e+09 2.716583755139816e+00 -7.202630763027068e+01
2.410000000000000e+09 2.728894256349819e+00 -7.233898800639454e+01
2.411666666666667e+09 2.741283784167867e+00 -7.264505006383690e+01
2.413333333333334e+09 2.753745390614985e+00 -7.294460419466267e+01
2.415000000000000e+09 2.766272473625088e+00 -7.323776413750538e+01
2.416666666666667e+09 2.778858787161862e+00 -7.352464511221856e+01
2.418333333333334e+09 2.791498400687823e+00 -7.380536240403769e+01
2.420000000000000e+09 2.804185636544345e+00 -7.408003078071290e+01
2.421666666666667e+09 2.816915018569743e+00 -7.434876464783655e+01
2.423333333333334e+09 2.829681252510054e+00 -7.461167855904861e+01
2.425000000000000e+09 2.842479238122115e+00 -7.486888767121241e+01
2.426666666666667e+09 2.855304096858043e+00 -7.512050788516893e+01
2.428333333333334e+09 2.868151195569308e+00 -7.536665558887098e+01
2.430000000000000e+09 2.881016153912721e+00 -7.560744703016759e+01
2.431666666666667e+09 2.893894832376930e+00 -7.584299742977790e+01
2.433333333333334e+09 2.906783303070236e+00 -7.607342009137643e+01
2.435000000000000e+09 2.919677809339841e+00 -7.629882594004884e+01
2.436666666666667e+09 2.932574728643911e+00 -7.651932389572464e+01
2.438333333333334e+09 2.945470562455552e+00 -7.673502205000152e+01
2.440000000000000e+09 2.958361972397548e+00 -7.694602890336809e+01
2.441666666666667e+09 2.971245852580302e+00 -7.715245351389555e+01
2.443333333333334e+09 2.984119388068930e+00 -7.735440389833254e+01
2.445000000000000e+09 2.996980035815872e+00 -7.755198434694174e+01
2.446666666666667e+09 3.009825406120016e+00 -7.774529351461602e+01
2.448333333333334e+09 3.022653102858962e+00 -7.793442504510539e+01
2.450000000000000e+09 3.035460635719347e+00 -7.811947077421679e+01
2.451666666666667e+09 3.048245486619029e+00 -7.830052439704814e+01
2.453333333333334e+09 3.061005300460373e+00 -7.847768273702754e+01
2.455000000000000e+09 3.073738061270892e+00 -7.865104336335688e+01
2.456666666666667e+09 3.086442108557371e+00 -7.882070021070298e+01
2.458333333333334e+09 3.099115968127687e+00 -7.898674064904709e+01
2.460000000000000e+09 3.111758126719977e+00 -7.914924641551107e+01
2.461666666666667e+09 3.124366935102403e+00 -7.930829761837883e+01
2.463333333333334e+09 3.136940720358634e+00 -7.946397635465897e+01
2.465000000000000e+09 3.149478006181119e+00 -7.961636677396029e+01
2.466666666666667e+09 3.161977640583083e+00 -7.976555155547676e+01
2.468333333333334e+09 3.174438709488422e+00 -7.991160800310733e+01
2.470000000000000e+09 3.186860308144819e+00 -8.005460733633178e+01
2.471666666666667e+09 3.199241375169031e+00 -8.019461782998663e+01
2.473333333333334e+09 3.211580739002548e+00 -8.033170887677407e+01
2.475000000000000e+09 3.223877328325261e+00 -8.046595217173163e+01
2.476666666666667e+09 3.236130340350355e+00 -8.059741895853375e+01
2.478333333333334e+09 3.248339197723029e+00 -8.072617611361265e+01
2.480000000000000e+09 3.260503329347924e+00 -8.085228509259436e+01
2.481666666666667e+09 3.272621991248068e+00 -8.097580508091779e+01
2.483333333333334e+09 3.284694320641208e+00 -8.109679749235123e+01
2.485000000000000e+09 3.296719597815987e+00 -8.121532727769545e+01
2.486666666666667e+09 3.308697476205440e+00 -8.133145917288977e+01
2.488333333333334e+09 3.320627941424777e+00 -8.144525176904506e+01
2.490000000000000e+09 3.332510992458157e+00 -8.155675471704497e+01
2.491666666666667e+09 3.344346298807058e+00 -8.166601202335262e+01
2.493333333333334e+09 3.356133132988630e+00 -8.177306915802650e+01
2.495000000000000e+09 3.367870653767639e+00 -8.187797824293946e+01
2.496666666666667e+09 3.379558314986697e+00 -8.198079708515780e+01
2.498333333333334e+09 3.391196066321063e+00 -8.208158299001265e+01
2.500000000000000e+09 3.402784192973434e+00 -8.218038654735815e+01
2.501666666666667e+09 3.414322946992934e+00 -8.227725024070421e+01
2.503333333333334e+09 3.425812280449438e+00 -8.237221231868980e+01
2.505000000000000e+09 3.437251870631639e+00 -8.246531202980476e+01
2.506666666666667e+09 3.448641357953298e+00 -8.255659185520281e+01
2.508333333333334e+09 3.459980553956397e+00 -8.264609576782769e+01
2.510000000000000e+09 3.471269456533535e+00 -8.273386622948502e+01
2.511666666666667e+09 3.482508127082424e+00 -8.281994311052235e+01
2.513333333333334e+09 3.493696609035786e+00 -8.290436493294685e+01
2.515000000000000e+09 3.504834979655004e+00 -8.298717004356571e+01
2.516666666666667e+09 3.515923437834994e+00 -8.306839559179217e+01
2.518333333333334e+09 3.526962261075131e+00 -8.314807518169103e+01
2.520000000000000e+09 3.537951608310003e+00 -8.322623836315130e+01
2.521666666666667e+09 3.548891356792885e+00 -8.330291382154071e+01
2.523333333333334e+09 3.559781196342321e+00 -8.337813410550974e+01
2.525000000000000e+09 3.570620979779056e+00 -8.345193712324679e+01
2.526666666666667e+09 3.581411038006757e+00 -8.352436172029221e+01
2.528333333333334e+09 3.592152116815040e+00 -8.359544020457459e+01
2.530000000000000e+09 3.602844890140998e+00 -8.366519457948290e+01
2.531666666666667e+09 3.613489419445562e+00 -8.373364115277586e+01
2.533333333333334e+09 3.624085068268179e+00 -8.380080106951306e+01
2.535000000000000e+09 3.634631057578270e+00 -8.386670821713402e+01
2.536666666666667e+09 3.645127291227573e+00 -8.393140680727643e+01
2.538333333333334e+09 3.655574773760434e+00 -8.399493892896177e+01
2.540000000000000e+09 3.665975197250613e+00 -8.405733113237423e+01
2.541666666666667e+09 3.676329927170101e+00 -8.411859096121870e+01
2.543333333333334e+09 3.686639137291052e+00 -8.417871711195610e+01
2.545000000000000e+09 3.696901775254223e+00 -8.423771614781266e+01
2.546666666666667e+09 3.707116410182361e+00 -8.429561329601297e+01
2.548333333333334e+09 3.717282326999350e+00 -8.435244939916844e+01
2.550000000000000e+09 3.727400052198173e+00 -8.440826689480321e+01
2.551666666666667e+09 3.737470964997640e+00 -8.446309590156855e+01
2.553333333333334e+09 3.747496368652355e+00 -8.451695057526371e+01
2.555000000000000e+09 3.757476775767945e+00 -8.456983707962034e+01
2.556666666666667e+09 3.767411913544484e+00 -8.462176543575180e+01
2.558333333333334e+09 3.777301328629403e+00 -8.467275552679970e+01
2.560000000000000e+09 3.787145011304921e+00 -8.472283357705358e+01
2.561666666666667e+09 3.796943527351305e+00 -8.477202368704955e+01
2.563333333333334e+09 3.806697629448906e+00 -8.482034237591412e+01
2.565000000000000e+09 3.816407764011212e+00 -8.486780030906461e+01
2.566666666666667e+09 3.826073919027153e+00 -8.491440856930795e+01
2.568333333333334e+09 3.835695897080458e+00 -8.496018324893674e+01
2.570000000000000e+09 3.845273709380777e+00 -8.500514454976663e+01
2.571666666666667e+09 3.854807721070443e+00 -8.504931209150695e+01
2.573333333333334e+09 3.864298457083792e+00 -8.509270136106815e+01
2.575000000000000e+09 3.873746305240296e+00 -8.513532445076362e+01
2.576666666666667e+09 3.883151416588148e+00 -8.517719365212228e+01
2.578333333333334e+09 3.892513868423809e+00 -8.521832378610077e+01
2.580000000000000e+09 3.901833879568181e+00 -8.525873086034612e+01
2.581666666666667e+09 3.911111830144546e+00 -8.529842875291909e+01
2.583333333333334e+09 3.920348065046170e+00 -8.533742780155360e+01
2.585000000000000e+09 3.929542706283996e+00 -8.537573716532039e+01
2.586666666666667e+09 3.938695702064891e+00 -8.541336869597694e+01
2.588333333333334e+09 3.947807089772207e+00 -8.545033813487132e+01
2.590000000000000e+09 3.956877203607648e+00 -8.548666192279080e+01
2.591666666666667e+09 3.965906582443924e+00 -8.552235248031080e+01
2.593333333333334e+09 3.974895627952351e+00 -8.555741683905910e+01
2.595000000000000e+09 3.983844341543957e+00 -8.559186061161064e+01
2.596666666666667e+09 3.992752435977131e+00 -8.562569397786656e+01
2.598333333333334e+09 4.001619772311688e+00 -8.565893383433050e+01
2.600000000000000e+09 4.010446733992920e+00 -8.569159935154090e+01
2.601666666666667e+09 4.019234160357931e+00 -8.572370436949967e+01
2.603333333333334e+09 4.027982846433489e+00 -8.575525350141911e+01
2.605000000000000e+09 4.036693030386427e+00 -8.578624591827514e+01
2.606666666666667e+09 4.045364333886346e+00 -8.581668388349816e+01
2.608333333333334e+09 4.053996226628440e+00 -8.584657856534045e+01
2.610000000000000e+09 4.062588606830885e+00 -8.587594791983435e+01
2.611666666666667e+09 4.071141977078739e+00 -8.590480862923961e+01
2.613333333333334e+09 4.079657067497387e+00 -8.593316953220675e+01
2.615000000000000e+09 4.088134271831492e+00 -8.596103250030478e+01
2.616666666666667e+09 4.096573428819720e+00 -8.598839964403612e+01
2.618333333333334e+09 4.104974140072028e+00 -8.601527980386432e+01
2.620000000000000e+09 4.113336296070904e+00 -8.604168818255141e+01
2.621666666666667e+09 4.121660289906418e+00 -8.606763978044474e+01
2.623333333333334e+09 4.129946720086399e+00 -8.609314331208311e+01
2.625000000000000e+09 4.138195897197599e+00 -8.611820160737584e+01
2.626666666666667e+09 4.146407660226642e+00 -8.614281788396448e+01
2.628333333333334e+09 4.154581685910443e+00 -8.616700140018891e+01
2.630000000000000e+09 4.162717967420472e+00 -8.619076676988016e+01
2.631666666666667e+09 4.170816966167319e+00 -8.621412778858331e+01
2.633333333333334e+09 4.178879280978981e+00 -8.623709221847331e+01
2.635000000000000e+09 4.186905180840391e+00 -8.625966285533899e+01
2.636666666666667e+09 4.194894487195024e+00 -8.628184357998656e+01
2.638333333333334e+09 4.202846920083593e+00 -8.630364394580795e+01
2.640000000000000e+09 4.210762529465316e+00 -8.632507760633821e+01
2.641666666666667e+09 4.218641746398430e+00 -8.634615665245870e+01
2.643333333333334e+09 4.226485010507359e+00 -8.636688839053609e+01
2.645000000000000e+09 4.234292411056995e+00 -8.638727828403894e+01
2.646666666666667e+09 4.242063783666477e+00 -8.640733559595537e+01
2.648333333333334e+09 4.249799195378062e+00 -8.642707464444557e+01
2.650000000000000e+09 4.257499262386828e+00 -8.644650900912588e+01
2.651666666666667e+09 4.265164838897711e+00 -8.646564430162641e+01
2.653333333333334e+09 4.272796263886513e+00 -8.648447826417279e+01
2.655000000000000e+09 4.280392910780187e+00 -8.650301065775223e+01
2.656666666666667e+09 4.287953629088737e+00 -8.652125514108424e+01
2.658333333333334e+09 4.295477860448529e+00 -8.653924152094746e+01
2.660000000000000e+09 4.302966503060397e+00 -8.655700419054038e+01
2.661666666666667e+09 4.310421708623692e+00 -8.657456506163113e+01
2.663333333333334e+09 4.317845687740635e+00 -8.659192510876474e+01
2.665000000000000e+09 4.325239474413953e+00 -8.660907185617410e+01
2.666666666666667e+09 4.332602646111094e+00 -8.662599661994214e+01
2.668333333333334e+09 4.339934166492163e+00 -8.664270732610132e+01
2.670000000000000e+09 4.347233576030456e+00 -8.665922731008233e+01
2.671666666666667e+09 4.354501544254986e+00 -8.667558301156743e+01
2.673333333333334e+09 4.361739453329446e+00 -8.669179230637162e+01
2.675000000000000e+09 4.368948548014359e+00 -8.670786289219565e+01
2.676666666666667e+09 4.376129469460714e+00 -8.672379992571101e+01
2.678333333333334e+09 4.383282505716790e+00 -8.673961410030931e+01
2.680000000000000e+09 4.390408179524725e+00 -8.675532253447342e+01
2.681666666666667e+09 4.397507541976983e+00 -8.677094288897030e+01
2.683333333333334e+09 4.404581924224316e+00 -8.678648758969079e+01
2.685000000000000e+09 4.411632470436975e+00 -8.680196396268491e+01
2.686666666666667e+09 4.418659957198360e+00 -8.681737944744863e+01
2.688333333333334e+09 4.425665061879395e+00 -8.683274597099982e+01
2.690000000000000e+09 4.432648767387224e+00 -8.684807890439129e+01
2.691666666666667e+09 4.439612468889010e+00 -8.686339187811258e+01
2.693333333333334e+09 4.446557674434813e+00 -8.687869291600840e+01
2.695000000000000e+09 4.453485609859331e+00 -8.689398581451256e+01
2.696666666666667e+09 4.460397127741420e+00 -8.690927531257636e+01
2.698333333333334e+09 4.467293010629331e+00 -8.692457085902733e+01
2.700000000000000e+09 4.474174372648428e+00 -8.693988521684963e+01
2.701666666666667e+09 4.481042775174079e+00 -8.695522909293778e+01
2.703333333333334e+09 4.487899946740309e+00 -8.697060660224884e+01
2.705000000000000e+09 4.494747356114645e+00 -8.698601544064455e+01
2.706666666666667e+09 4.501585999020799e+00 -8.700145136121868e+01
2.708333333333334e+09 4.508416548374345e+00 -8.701691300038742e+01
2.710000000000000e+09 4.515239704482061e+00 -8.703240323992215e+01
2.711666666666667e+09 4.522056445218676e+00 -8.704792650867532e+01
2.713333333333334e+09 4.528868002312715e+00 -8.706348461437646e+01
2.715000000000000e+09 4.535675628542711e+00 -8.707907431691652e+01
2.716666666666667e+09 4.542480358890511e+00 -8.709468795430911e+01
2.718333333333334e+09 4.549282923190722e+00 -8.711031603062473e+01
2.720000000000000e+09 4.556083822402997e+00 -8.712594965295364e+01
2.721666666666667e+09 4.562883471631602e+00 -8.714158136972625e+01
2.723333333333334e+09 4.569682303097332e+00 -8.715720432782628e+01
2.725000000000000e+09 4.576480778212505e+00 -8.717281065864195e+01
2.726666666666667e+09 4.583279318290756e+00 -8.718839024057432e+01
2.728333333333334e+09 4.590078200209525e+00 -8.720393063233324e+01
2.730000000000000e+09 4.596877479150739e+00 -8.721941828131318e+01
2.731666666666667e+09 4.603676993334426e+00 -8.723484032252756e+01
2.733333333333334e+09 4.610476463184376e+00 -8.725018579108236e+01
2.735000000000000e+09 4.617275629610303e+00 -8.726544533304249e+01
2.736666666666667e+09 4.624074332462270e+00 -8.728060954706829e+01
2.738333333333334e+09 4.630872461599797e+00 -8.729566721686868e+01
2.740000000000000e+09 4.637669810732932e+00 -8.731060490645405e+01
2.741666666666667e+09 4.644465949552208e+00 -8.732540834996142e+01
2.743333333333334e+09 4.651260221149513e+00 -8.734006458080532e+01
2.745000000000000e+09 4.658051868548237e+00 -8.735456312850937e+01
2.746666666666667e+09 4.664840186277218e+00 -8.736889545178649e+01
2.748333333333334e+09 4.671624578459506e+00 -8.738305331017266e+01
2.750000000000000e+09 4.678404494282010e+00 -8.739702759161815e+01
2.751666666666667e+09 4.685179317471071e+00 -8.741080851670063e+01
2.753333333333334e+09 4.691948310961386e+00 -8.742438681236628e+01
2.755000000000000e+09 4.698710649621899e+00 -8.743775471159317e+01
2.756666666666667e+09 4.705465491988344e+00 -8.745090609714863e+01
2.758333333333334e+09 4.712212028217620e+00 -8.746383609894066e+01
2.760000000000000e+09 4.718949494595347e+00 -8.747654083671945e+01
2.761666666666667e+09 4.725677189851043e+00 -8.748901744026622e+01
2.763333333333334e+09 4.732394507853896e+00 -8.750126379155901e+01
2.765000000000000e+09 4.739100944524752e+00 -8.751327760075250e+01
2.766666666666667e+09 4.745796027060083e+00 -8.752505539315031e+01
2.768333333333334e+09 4.752479185633240e+00 -8.753659260288426e+01
2.770000000000000e+09 4.759149674122416e+00 -8.754788526978307e+01
2.771666666666667e+09 4.765806640861790e+00 -8.755893224894025e+01
2.773333333333334e+09 4.772449329067045e+00 -8.756973596230493e+01
2.775000000000000e+09 4.779077253614370e+00 -8.758030069118105e+01
2.776666666666667e+09 4.785690195295993e+00 -8.759062956762808e+01
2.778333333333334e+09 4.792288002981276e+00 -8.760072274978992e+01
2.780000000000000e+09 4.798870368578108e+00 -8.761057834150198e+01
2.781666666666667e+09 4.805436769323313e+00 -8.762019516292385e+01
2.783333333333334e+09 4.811986618090195e+00 -8.762957480796915e+01
2.785000000000000e+09 4.818519468149598e+00 -8.763872119278039e+01
2.786666666666667e+09 4.825035074887250e+00 -8.764763828851170e+01
2.788333333333334e+09 4.831533269313845e+00 -8.765632846958157e+01
2.790000000000000e+09 4.838013793766522e+00 -8.766479313141399e+01
2.791666666666667e+09 4.844476286253974e+00 -8.767303473017068e+01
2.793333333333334e+09 4.850920433728591e+00 -8.768105779436463e+01
2.795000000000000e+09 4.857346117507456e+00 -8.768886753080608e+01
2.796666666666667e+09 4.863753362611191e+00 -8.769646738229257e+01
2.798333333333334e+09 4.870142109018760e+00 -8.770385837863591e+01
2.800000000000000e+09 4.876512042174257e+00 -8.771104152641669e+01
2.801666666666667e+09 4.882862707217867e+00 -8.771802115175305e+01
2.803333333333334e+09 4.889193860319083e+00 -8.772480547743713e+01
2.805000000000000e+09 4.895505731281863e+00 -8.773140288113457e+01
2.806666666666667e+09 4.901798883345483e+00 -8.773781660586828e+01
2.808333333333334e+09 4.908073700855055e+00 -8.774404300907266e+01
2.810000000000000e+09 4.914329919095898e+00 -8.775007600070741e+01
2.811666666666667e+09 4.920566655037462e+00 -8.775591478747771e+01
2.813333333333334e+09 4.926783006227700e+00 -8.776156836010550e+01
2.815000000000000e+09 4.932978770182331e+00 -8.776705212289347e+01
2.816666666666667e+09 4.939154664839032e+00 -8.777237853244181e+01
2.818333333333334e+09 4.945311797526798e+00 -8.777754913261303e+01
2.820000000000000e+09 4.951450756046436e+00 -8.778255488903979e+01
2.821666666666667e+09 4.957571048058942e+00 -8.778738522232844e+01
2.823333333333334e+09 4.963671372014800e+00 -8.779203891948305e+01
2.825000000000000e+09 4.969750546375016e+00 -8.779652829685853e+01
2.826666666666667e+09 4.975808393866150e+00 -8.780087321325124e+01
2.828333333333334e+09 4.981845910726588e+00 -8.780508947562966e+01
2.830000000000000e+09 4.987864611033255e+00 -8.780918033460479e+01
2.831666666666667e+09 4.993865556476945e+00 -8.781313696752201e+01
2.833333333333334e+09 4.999848771117042e+00 -8.781694675529968e+01
2.835000000000000e+09 5.005813388190833e+00 -8.782060269122333e+01
2.836666666666667e+09 5.011758311635879e+00 -8.782410746564622e+01
2.838333333333334e+09 5.017682857235830e+00 -8.782747071286043e+01
2.840000000000000e+09 5.023586968789354e+00 -8.783070301941913e+01
2.841666666666667e+09 5.029471000621451e+00 -8.783381160646294e+01
2.843333333333334e+09 5.035335360167772e+00 -8.783679990043267e+01
2.845000000000000e+09 5.041180301675372e+00 -8.783966957874340e+01
2.846666666666667e+09 5.047005936572381e+00 -8.784242230641080e+01
2.848333333333334e+09 5.052812325153790e+00 -8.784505981727628e+01
2.850000000000000e+09 5.058599503140511e+00 -8.784758320103248e+01
2.851666666666667e+09 5.064367430791650e+00 -8.784999295485085e+01
2.853333333333334e+09 5.070115962596340e+00 -8.785229017875061e+01
2.855000000000000e+09 5.075844912603901e+00 -8.785447778877885e+01
2.856666666666667e+09 5.081554178770303e+00 -8.785656044188300e+01
2.858333333333334e+09 5.087243818662615e+00 -8.785854310893868e+01
2.860000000000000e+09 5.092914010951510e+00 -8.786042952857409e+01
2.861666666666667e+09 5.098564942126218e+00 -8.786222181202361e+01
2.863333333333334e+09 5.104196717257843e+00 -8.786392129769486e+01
2.865000000000000e+09 5.109809355149364e+00 -8.786552961403378e+01
2.866666666666667e+09 5.115402841228487e+00 -8.786704890249402e+01
2.868333333333334e+09 5.120977166498451e+00 -8.786848117162515e+01
2.870000000000000e+09 5.126532314914596e+00 -8.786982769390458e+01
2.871666666666667e+09 5.132068228194815e+00 -8.787108928571470e+01
2.873333333333334e+09 5.137584802804011e+00 -8.787226736484978e+01
2.875000000000000e+09 5.143081935700464e+00 -8.787336484835450e+01
2.876666666666667e+09 5.148559579258770e+00 -8.787438605386326e+01
2.878333333333334e+09 5.154017753010099e+00 -8.787533567294562e+01
2.880000000000000e+09 5.159456503089619e+00 -8.787621771187808e+01
2.881666666666667e+09 5.164875853670265e+00 -8.787703528465831e+01
2.883333333333334e+09 5.170275803576622e+00 -8.787779134565929e+01
2.885000000000000e+09 5.175656377007037e+00 -8.787848961271708e+01
2.886666666666667e+09 5.181017682890173e+00 -8.787913478321128e+01
2.888333333333334e+09 5.186359923800384e+00 -8.787973177548785e+01
2.890000000000000e+09 5.191683334486077e+00 -8.788028457797537e+01
2.891666666666667e+09 5.196988087900982e+00 -8.788079566438952e+01
2.893333333333334e+09 5.202274236302075e+00 -8.788126654929459e+01
2.895000000000000e+09 5.207541734848453e+00 -8.788169920610771e+01
2.896666666666667e+09 5.212790540691778e+00 -8.788209737263367e+01
2.898333333333334e+09 5.218020728433890e+00 -8.788246674817366e+01
2.900000000000000e+09 5.223232546310277e+00 -8.788281381233173e+01
2.901666666666667e+09 5.228426369277299e+00 -8.788314401062071e+01
2.903333333333334e+09 5.233602570592088e+00 -8.788346062217190e+01
2.905000000000000e+09 5.238761393700162e+00 -8.788376524027468e+01
2.906666666666667e+09 5.243902916667237e+00 -8.788405962138457e+01
2.908333333333334e+09 5.249027143424192e+00 -8.788434754111138e+01
2.910000000000000e+09 5.254134162061429e+00 -8.788463518445606e+01
2.911666666666667e+09 5.259224251853888e+00 -8.788492971923533e+01
2.913333333333334e+09 5.264297854269135e+00 -8.788523722157963e+01
2.915000000000000e+09 5.269355433686290e+00 -8.788556172971710e+01
2.916666666666667e+09 5.274397351780519e+00 -8.788590625691440e+01
2.918333333333334e+09 5.279423873184700e+00 -8.788627482574172e+01
2.920000000000000e+09 5.284435302605258e+00 -8.788667357718428e+01
2.921666666666667e+09 5.289432124735700e+00 -8.788710978119148e+01
2.923333333333334e+09 5.294415001849957e+00 -8.788758953972810e+01
2.925000000000000e+09 5.299384608663096e+00 -8.788811633005851e+01
2.926666666666667e+09 5.304341442814120e+00 -8.788869191346295e+01
2.928333333333334e+09 5.309285789074282e+00 -8.788931897578297e+01
2.930000000000000e+09 5.314217884528785e+00 -8.789000315883800e+01
2.931666666666667e+09 5.319138143313941e+00 -8.789075259200109e+01
2.933333333333334e+09 5.324047234737734e+00 -8.789157535233649e+01
2.935000000000000e+09 5.328945943145930e+00 -8.789247730748907e+01
2.936666666666667e+09 5.333834954217572e+00 -8.789346249242756e+01
2.938333333333334e+09 5.338714799193100e+00 -8.789453567356118e+01
2.940000000000000e+09 5.343586044664592e+00 -8.789570441064966e+01
2.941666666666667e+09 5.348449563225828e+00 -8.789697813324169e+01
2.943333333333334e+09 5.353306604786052e+00 -8.789836454579142e+01
2.945000000000000e+09 5.358158543821476e+00 -8.789986650201790e+01
2.946666666666667e+09 5.363006481216269e+00 -8.790148250540734e+01
2.948333333333334e+09 5.367851046750118e+00 -8.790321088295646e+01
2.950000000000000e+09 5.372692600264591e+00 -8.790505418459738e+01
2.951666666666667e+09 5.377531677446320e+00 -8.790701984282039e+01
2.953333333333334e+09 5.382369289381004e+00 -8.790911633201374e+01
2.955000000000000e+09 5.387206798251516e+00 -8.791134820438778e+01
2.956666666666667e+09 5.392045471825480e+00 -8.791371457224554e+01
2.958333333333334e+09 5.396886123458940e+00 -8.791621255326226e+01
2.960000000000000e+09 5.401729180555636e+00 -8.791884257087369e+01
2.961666666666667e+09 5.406575134268136e+00 -8.792161051637881e+01
2.963333333333334e+09 5.411424960336993e+00 -8.792452454638745e+01
2.965000000000000e+09 5.416280110592129e+00 -8.792758928434849e+01
2.966666666666667e+09 5.421142064673018e+00 -8.793080276574672e+01
2.968333333333334e+09 5.426011848632249e+00 -8.793415906310469e+01
2.970000000000000e+09 5.430889975372463e+00 -8.793765421989686e+01
2.971666666666667e+09 5.435776876869470e+00 -8.794128983841532e+01
2.973333333333334e+09 5.440673423995501e+00 -8.794507063906190e+01
2.975000000000000e+09 5.445581013518401e+00 -8.794899794072141e+01
2.976666666666667e+09 5.450501076952741e+00 -8.795306516413565e+01
2.978333333333334e+09 5.455434411191607e+00 -8.795726011504448e+01
2.980000000000000e+09 5.460380947472570e+00 -8.796157286548201e+01
2.981666666666667e+09 5.465340239777840e+00 -8.796600272056467e+01
2.983333333333334e+09 5.470312335166803e+00 -8.797055793028021e+01
2.985000000000000e+09 5.475298323627589e+00 -8.797524761744043e+01
2.986666666666667e+09 5.480300086277766e+00 -8.798007196744101e+01
2.988333333333334e+09 5.485319397304019e+00 -8.798501840644546e+01
2.990000000000000e+09 5.490357055764597e+00 -8.799006679703122e+01
2.991666666666667e+09 5.495412695433273e+00 -8.799519956231514e+01
2.993333333333334e+09 5.500485378165448e+00 -8.800040902692476e+01
2.995000000000000e+09 5.505574478366772e+00 -8.800569692187554e+01
2.996666666666667e+09 5.510680194820150e+00 -8.801106738682560e+01
2.998333333333334e+09 5.515803382413304e+00 -8.801651948505062e+01
3.000000000000000e+09 5.520944943926246e+00 -8.802204466974584e+01
