2.000000000000000e+09 9.081294144619306e-01 -2.118263360281005e+01
2.001666666666667e+09 9.068351877222713e-01 -2.124367910970714e+01
2.003333333333333e+09 9.055129476098009e-01 -2.130479403493998e+01
2.005000000000000e+09 9.041620275876480e-01 -2.136595273633005e+01
2.006666666666667e+09 9.027817443545912e-01 -2.142712753979768e+01
2.008333333333333e+09 9.013714023569199e-01 -2.148828845923293e+01
2.010000000000000e+09 8.999302979300676e-01 -2.154940323456244e+01
2.011666666666667e+09 8.984577190122437e-01 -2.161043747843829e+01
2.013333333333333e+09 8.969529414509477e-01 -2.167135461989742e+01
2.015000000000000e+09 8.954152265554821e-01 -2.173211555643745e+01
2.016666666666667e+09 8.938438232284713e-01 -2.179267822788235e+01
2.018333333333333e+09 8.922379733443473e-01 -2.185299740047925e+01
2.020000000000000e+09 8.905969158087076e-01 -2.191302473257887e+01
2.021666666666667e+09 8.889198860578804e-01 -2.197270890633533e+01
2.023333333333333e+09 8.872061122290501e-01 -2.203199553326712e+01
2.025000000000000e+09 8.854548124892414e-01 -2.209082674343479e+01
2.026666666666667e+09 8.836651970203160e-01 -2.214914065060387e+01
2.028333333333333e+09 8.818364739817479e-01 -2.220687098276703e+01
2.030000000000000e+09 8.799678553960432e-01 -2.226394699484697e+01
2.031666666666667e+09 8.780585594160943e-01 -2.232029350675110e+01
2.033333333333333e+09 8.761078092372202e-01 -2.237583079173130e+01
2.035000000000000e+09 8.741148323999289e-01 -2.243047418416581e+01
2.036666666666667e+09 8.720788641528122e-01 -2.248413354652574e+01
2.038333333333333e+09 8.699991549578138e-01 -2.253671288176283e+01
2.040000000000000e+09 8.678749783557143e-01 -2.258811026083087e+01
2.041666666666667e+09 8.657056347741582e-01 -2.263821795107945e+01
2.043333333333333e+09 8.634904501550712e-01 -2.268692242479509e+01
2.045000000000000e+09 8.612287728160952e-01 -2.273410398050299e+01
2.046666666666667e+09 8.589199739797819e-01 -2.277963598777428e+01
2.048333333333333e+09 8.565634552199587e-01 -2.282338404855408e+01
2.050000000000000e+09 8.541586614105522e-01 -2.286520543230439e+01
2.051666666666667e+09 8.517050942420058e-01 -2.290494894375075e+01
2.053333333333333e+09 8.492023215605737e-01 -2.294245508047105e+01
2.055000000000000e+09 8.466499812690975e-01 -2.297755615983934e+01
2.056666666666667e+09 8.440477824867767e-01 -2.301007615522553e+01
2.058333333333333e+09 8.413955082821781e-01 -2.303983020690488e+01
2.060000000000000e+09 8.386930228633600e-01 -2.306662398348627e+01
2.061666666666667e+09 8.359402832077603e-01 -2.309025312884517e+01
2.063333333333333e+09 8.331373529722740e-01 -2.311050293753266e+01
2.065000000000000e+09 8.302844162204235e-01 -2.312714826116504e+01
2.066666666666667e+09 8.273817895181520e-01 -2.313995355819337e+01
2.068333333333333e+09 8.244299321456322e-01 -2.314867298157767e+01
2.070000000000000e+09 8.214294549819212e-01 -2.315305041681066e+01
2.071666666666667e+09 8.183811292259852e-01 -2.315281941014711e+01
2.073333333333333e+09 8.152858966767135e-01 -2.314770297955173e+01
2.075000000000000e+09 8.121448833147041e-01 -2.313741339563261e+01
2.076666666666667e+09 8.089594167209960e-01 -2.312165211586663e+01
2.078333333333333e+09 8.057310456444085e-01 -2.310011006207778e+01
2.080000000000000e+09 8.024615583095195e-01 -2.307246829575707e+01
2.081666666666667e+09 7.991529965726245e-01 -2.303839893701428e+01
2.083333333333333e+09 7.958076659463922e-01 -2.299756605556205e+01
2.085000000000000e+09 7.924281447779518e-01 -2.294962635977905e+01
2.086666666666667e+09 7.890172966945748e-01 -2.289422977383652e+01
2.088333333333333e+09 7.855782878167471e-01 -2.283102021550400e+01
2.090000000000000e+09 7.821146061435443e-01 -2.275963687265412e+01
2.091666666666667e+09 7.786300783875717e-01 -2.267971602371906e+01
2.093333333333333e+09 7.751288812572740e-01 -2.259089316892964e+01
2.095000000000000e+09 7.716155482479624e-01 -2.249280517961558e+01
2.096666666666667e+09 7.680949757615347e-01 -2.238509238438180e+01
2.098333333333333e+09 7.645724313496813e-01 -2.226740079830800e+01
2.100000000000000e+09 7.610535630759963e-01 -2.213938479749064e+01
2.101666666666667e+09 7.575444059981119e-01 -2.200071035713156e+01
2.103333333333333e+09 7.540513823680198e-01 -2.185105868170256e+01
2.105000000000000e+09 7.505812956903976e-01 -2.169012993474374e+01
2.106666666666667e+09 7.471413218206008e-01 -2.151764693501186e+01
2.108333333333333e+09 7.437389999000208e-01 -2.133335896596618e+01
2.110000000000000e+09 7.403822225169214e-01 -2.113704597046999e+01
2.111666666666667e+09 7.370792213490388e-01 -2.092852324570294e+01
2.113333333333333e+09 7.338385446753903e-01 -2.070764645967745e+01
2.115000000000000e+09 7.306690263375951e-01 -2.047431665368582e+01
2.116666666666667e+09 7.275797488827257e-01 -2.022848500925804e+01
2.118333333333333e+09 7.245800038150183e-01 -1.997015741358535e+01
2.120000000000000e+09 7.216792492024353e-01 -1.969939899420226e+01
2.121666666666667e+09 7.188870621653415e-01 -1.941633868208297e+01
2.123333333333333e+09 7.162130836821805e-01 -1.912117362272086e+01
2.125000000000000e+09 7.136669555568670e-01 -1.881417312417445e+01
2.126666666666667e+09 7.112582517292612e-01 -1.849568191725935e+01
2.128333333333333e+09 7.089964061577301e-01 -1.816612268402866e+01
2.130000000000000e+09 7.068906376958608e-01 -1.782599787910006e+01
2.131666666666667e+09 7.049498711606100e-01 -1.747589076313933e+01
2.133333333333333e+09 7.031826547637051e-01 -1.711646543883721e+01
2.135000000000000e+09 7.015970761461152e-01 -1.674846571339765e+01
2.136666666666667e+09 7.002006797817457e-01 -1.637271280440314e+01
2.138333333333333e+09 6.990003864308603e-01 -1.599010204547346e+01
2.140000000000000e+09 6.980024127183656e-01 -1.560159864225871e+01
2.141666666666667e+09 6.972121891243527e-01 -1.520823224842937e+01
2.143333333333333e+09 6.966342785710075e-01 -1.481108998509626e+01
2.145000000000000e+09 6.962723021962406e-01 -1.441130775991234e+01
2.146666666666667e+09 6.961288792457728e-01 -1.401006024326810e+01
2.148333333333334e+09 6.962055829622209e-01 -1.360855020721232e+01
2.150000000000000e+09 6.965029078065476e-01 -1.320799777961512e+01
2.151666666666667e+09 6.970202413389470e-01 -1.280962960387123e+01
2.153333333333334e+09 6.977558390723154e-01 -1.241466742704161e+01
2.155000000000000e+09 6.987068086410467e-01 -1.202431573893942e+01
2.156666666666667e+09 6.998691134475929e-01 -1.163974873242396e+01
2.158333333333334e+09 7.012376015634761e-01 -1.126209751547303e+01
2.160000000000000e+09 7.028060562864894e-01 -1.089243859166114e+01
2.161666666666667e+09 7.045672582411532e-01 -1.053178404000583e+01
2.163333333333334e+09 7.065130507312369e-01 -1.018107306554360e+01
2.165000000000000e+09 7.086344082911207e-01 -9.841164308130637e+00
2.166666666666667e+09 7.109215154106866e-01 -9.512828700751594e+00
2.168333333333334e+09 7.133638618397289e-01 -9.196743346477691e+00
2.170000000000000e+09 7.159503533574829e-01 -8.893487185536550e+00
2.171666666666667e+09 7.186694293690439e-01 -8.603538865666561e+00
2.173333333333334e+09 7.215091778873056e-01 -8.327276540077156e+00
2.175000000000000e+09 7.244574446898187e-01 -8.064978917640284e+00
2.176666666666667e+09 7.275019405092783e-01 -7.816827104041468e+00
2.178333333333334e+09 7.306303513014127e-01 -7.582907339192495e+00
2.180000000000000e+09 7.338304510160973e-01 -7.363215074563241e+00
2.181666666666667e+09 7.370902094984474e-01 -7.157660602218963e+00
2.183333333333334e+09 7.403978868828378e-01 -6.966075858800971e+00
2.185000000000000e+09 7.437421115406864e-01 -6.788221636550621e+00
2.186666666666667e+09 7.471119461457587e-01 -6.623794604370629e+00
2.188333333333334e+09 7.504969489151015e-01 -6.472434111231864e+00
2.190000000000000e+09 7.538872325004480e-01 -6.333729183861045e+00
2.191666666666667e+09 7.572735158782907e-01 -6.207226046965489e+00
2.193333333333334e+09 7.606471617263718e-01 -6.092435987628394e+00
2.195000000000000e+09 7.640001959262434e-01 -5.988842942513450e+00
2.196666666666667e+09 7.673253132499552e-01 -5.895910221460380e+00
2.198333333333334e+09 7.706158773400370e-01 -5.813086261573742e+00
2.200000000000000e+09 7.738659203709232e-01 -5.739809800872200e+00
2.201666666666667e+09 7.770701410553960e-01 -5.675514945718595e+00
2.203333333333334e+09 7.802238951140564e-01 -5.619636241709598e+00
2.205000000000000e+09 7.833231738823820e-01 -5.571613399768035e+00
2.206666666666667e+09 7.863645727243870e-01 -5.530895190575032e+00
2.208333333333334e+09 7.893452559426478e-01 -5.496942306948496e+00
2.210000000000000e+09 7.922629247392917e-01 -5.469229439492120e+00
2.211666666666667e+09 7.951157900066400e-01 -5.447247041103283e+00
2.213333333333334e+09 7.979025465927838e-01 -5.430503114456844e+00
2.215000000000000e+09 8.006223442194940e-01 -5.418525006829678e+00
2.216666666666667e+09 8.032747529252405e-01 -5.410860940361744e+00
2.218333333333334e+09 8.058597249311809e-01 -5.407081015920864e+00
2.220000000000000e+09 8.083775569346029e-01 -5.406777637606200e+00
2.221666666666667e+09 8.108288560177690e-01 -5.409565514040517e+00
2.223333333333334e+09 8.132145100388480e-01 -5.415081462412494e+00
2.225000000000000e+09 8.155356615227501e-01 -5.422984180081393e+00
2.226666666666667e+09 8.177936834880840e-01 -5.432954050228420e+00
2.228333333333334e+09 8.199901558596185e-01 -5.444692978897694e+00
2.230000000000000e+09 8.221268415047384e-01 -5.457924219433901e+00
2.231666666666667e+09 8.242056614969481e-01 -5.472392106973772e+00
2.233333333333334e+09 8.262286701804292e-01 -5.487861616380409e+00
2.235000000000000e+09 8.281980316375011e-01 -5.504117707997936e+00
2.236666666666667e+09 8.301159993173232e-01 -5.520964529237480e+00
2.238333333333334e+09 8.319848993556130e-01 -5.538224621281190e+00
2.240000000000000e+09 8.338071162548232e-01 -5.555738258281981e+00
2.241666666666667e+09 8.355850786804410e-01 -5.573362923969440e+00
2.243333333333334e+09 8.373212440678530e-01 -5.590972808803727e+00
2.245000000000000e+09 8.390180827250825e-01 -5.608458200182220e+00
2.246666666666667e+09 8.406780632883432e-01 -5.625724747297852e+00
2.248333333333334e+09 8.423036406172515e-01 -5.642692702072673e+00
2.250000000000000e+09 8.438972453187511e-01 -5.659296246274132e+00
2.251666666666667e+09 8.454612730711621e-01 -5.675482902622090e+00
2.253333333333334e+09 8.469980729455061e-01 -5.691212912474525e+00
2.255000000000000e+09 8.485099360213190e-01 -5.706458473600400e+00
2.256666666666667e+09 8.499990865305657e-01 -5.721202872154054e+00
2.258333333333334e+09 8.514676762971192e-01 -5.735439676076824e+00
2.260000000000000e+09 8.529177805543426e-01 -5.749172135679380e+00
2.261666666666667e+09 8.543513919588933e-01 -5.762412756848834e+00
2.263333333333334e+09 8.557704113159839e-01 -5.775182832078532e+00
2.265000000000000e+09 8.571766369495165e-01 -5.787511713268481e+00
2.266666666666667e+09 8.585717567135926e-01 -5.799435811664474e+00
2.268333333333334e+09 8.599573452642674e-01 -5.810997545849751e+00
2.270000000000000e+09 8.613348653747257e-01 -5.822244513747065e+00
2.271666666666667e+09 8.627056691212489e-01 -5.833228977312126e+00
2.273333333333334e+09 8.640709954187739e-01 -5.844007475714180e+00
2.275000000000000e+09 8.654319642313659e-01 -5.854640265799392e+00
2.276666666666667e+09 8.667895715264020e-01 -5.865190438360467e+00
2.278333333333334e+09 8.681446893653236e-01 -5.875722853193684e+00
2.280000000000000e+09 8.694980720151436e-01 -5.886303223958166e+00
2.281666666666667e+09 8.708503644980201e-01 -5.896997601999439e+00
2.283333333333334e+09 8.722021082729019e-01 -5.907872219566340e+00
2.285000000000000e+09 8.735537411849139e-01 -5.918993389826757e+00
2.286666666666667e+09 8.749055934717971e-01 -5.930427130159130e+00
2.288333333333334e+09 8.762578848805380e-01 -5.942238392943548e+00
2.290000000000000e+09 8.776107274916188e-01 -5.954490081789457e+00
2.291666666666667e+09 8.789641352691587e-01 -5.967242187434436e+00
2.293333333333334e+09 8.803180373968122e-01 -5.980551304467930e+00
2.295000000000000e+09 8.816722907421610e-01 -5.994470565214809e+00
2.296666666666667e+09 8.830266880229899e-01 -6.009049814263166e+00
2.298333333333334e+09 8.843809611452516e-01 -6.024335769085595e+00
2.300000000000000e+09 8.857347817782982e-01 -6.040371982720541e+00
2.301666666666667e+09 8.870877622562396e-01 -6.057198571310025e+00
2.303333333333334e+09 8.884394592492065e-01 -6.074851803040101e+00
2.305000000000000e+09 8.897893810185237e-01 -6.093363710476916e+00
2.306666666666667e+09 8.911369973128541e-01 -6.112761873128882e+00
2.308333333333334e+09 8.924817497842084e-01 -6.133069438318063e+00
2.310000000000000e+09 8.938230606661950e-01 -6.154305342118805e+00
2.311666666666667e+09 8.951603384494238e-01 -6.176484607527909e+00
2.313333333333334e+09 8.964929809438917e-01 -6.199618580422745e+00
2.315000000000000e+09 8.978203774944034e-01 -6.223715028862363e+00
2.316666666666667e+09 8.991419123210174e-01 -6.248778139909891e+00
2.318333333333334e+09 9.004569698268556e-01 -6.274808528296171e+00
2.320000000000000e+09 9.017649410380605e-01 -6.301803367053886e+00
2.321666666666667e+09 9.030652293283642e-01 -6.329756666561304e+00
2.323333333333334e+09 9.043572539419377e-01 -6.358659629294089e+00
2.325000000000000e+09 9.056404512134624e-01 -6.388500966058698e+00
2.326666666666667e+09 9.069142746967128e-01 -6.419267100183445e+00
2.328333333333334e+09 9.081781957210242e-01 -6.450942269227321e+00
2.330000000000000e+09 9.094317051546267e-01 -6.483508592928449e+00
2.331666666666667e+09 9.106743161282526e-01 -6.516946175172698e+00
2.333333333333334e+09 9.119055669774478e-01 -6.551233265496587e+00
2.335000000000000e+09 9.131250238565171e-01 -6.586346469624202e+00
2.336666666666667e+09 9.143322828434058e-01 -6.622260995925950e+00
2.338333333333334e+09 9.155269713405023e-01 -6.658950938232001e+00
2.340000000000000e+09 9.167087482337849e-01 -6.696389587243068e+00
2.341666666666667e+09 9.178773022393352e-01 -6.734549721525252e+00
2.343333333333334e+09 9.190323486580267e-01 -6.773403792015792e+00
2.345000000000000e+09 9.201736260540602e-01 -6.812923936676986e+00
2.346666666666667e+09 9.213008950516914e-01 -6.853081859043332e+00
2.348333333333334e+09 9.224139405131615e-01 -6.893848717225836e+00
2.350000000000000e+09 9.235125760206286e-01 -6.935195200497016e+00
2.351666666666667e+09 9.245966474263642e-01 -6.977091864264933e+00
2.353333333333334e+09 9.256660321595213e-01 -7.019509603150451e+00
2.355000000000000e+09 9.267206335609837e-01 -7.062420005468004e+00
2.356666666666667e+09 9.277603731934346e-01 -7.105795374953571e+00
2.358333333333334e+09 9.287851860366975e-01 -7.149608425652766e+00
2.360000000000000e+09 9.297950218456545e-01 -7.193831903904595e+00
2.361666666666667e+09 9.307898515099372e-01 -7.238438470883787e+00
2.363333333333334e+09 9.317696732266867e-01 -7.283401004502885e+00
2.365000000000000e+09 9.327345129705952e-01 -7.328693162411483e+00
2.366666666666667e+09 9.336844177539078e-01 -7.374289829072930e+00
2.368333333333334e+09 9.346194456655774e-01 -7.420167133399523e+00
2.370000000000000e+09 9.355396593507955e-01 -7.466302038427003e+00
2.371666666666667e+09 9.364451271123770e-01 -7.512671832572779e+00
2.373333333333334e+09 9.373359299257811e-01 -7.559253929172925e+00
2.375000000000000e+09 9.382121679948863e-01 -7.606026135025926e+00
2.376666666666667e+09 9.390739608738384e-01 -7.652967169723889e+00
2.378333333333334e+09 9.399214404469505e-01 -7.700057012136269e+00
2.380000000000000e+09 9.407547419645637e-01 -7.747276790659576e+00
2.381666666666667e+09 9.415740000088976e-01 -7.794608309655962e+00
2.383333333333334e+09 9.423793522510922e-01 -7.842033608160944e+00
2.385000000000000e+09 9.431709474014779e-01 -7.889534925822007e+00
2.386666666666667e+09 9.439489501651860e-01 -7.937095118649077e+00
2.388333333333334e+09 9.447135382873798e-01 -7.984698194027343e+00
2.390000000000000e+09 9.454648930973252e-01 -8.032329525044553e+00
2.391666666666667e+09 9.462031902354465e-01 -8.079975547087022e+00
2.393333333333334e+09 9.469285972743883e-01 -8.127623138965577e+00
2.395000000000000e+09 9.476412797877616e-01 -8.175259131099681e+00
2.396666666666667e+09 9.483414111969821e-01 -8.222870284842740e+00
2.398333333333334e+09 9.490291791731512e-01 -8.270443739718237e+00
2.400000000000000e+09 9.497047841369473e-01 -8.317967600920714e+00
2.401666666666667e+09 9.503684310516630e-01 -8.365431269452165e+00
2.403333333333334e+09 9.510203199661378e-01 -8.412825323972086e+00
2.405000000000000e+09 9.516606408890209e-01 -8.460141069561155e+00
2.406666666666667e+09 9.522895751058212e-01 -8.507370054338018e+00
2.408333333333334e+09 9.529073008781568e-01 -8.554503820630945e+00
2.410000000000000e+09 9.535139993724104e-01 -8.601533969259483e+00
2.411666666666667e+09 9.541098574675773e-01 -8.648452423732000e+00
2.413333333333334e+09 9.546950665903255e-01 -8.695251700502601e+00
2.415000000000000e+09 9.552698190296005e-01 -8.741925037631953e+00
2.416666666666667e+09 9.558343040869036e-01 -8.788466344898273e+00
2.418333333333334e+09 9.563887058762545e-01 -8.834870035859490e+00
2.420000000000000e+09 9.569332033254475e-01 -8.881130841994899e+00
2.421666666666667e+09 9.574679717821489e-01 -8.927243690165652e+00
2.423333333333334e+09 9.579931850964432e-01 -8.973203674696213e+00
2.425000000000000e+09 9.585090171805934e-01 -9.019006107848814e+00
2.426666666666667e+09 9.590156425326936e-01 -9.064646608613710e+00
2.428333333333334e+09 9.595132356633697e-01 -9.110121189475185e+00
2.430000000000000e+09 9.600019696138947e-01 -9.155426308303486e+00
2.431666666666667e+09 9.604820139586887e-01 -9.200558856100303e+00
2.433333333333334e+09 9.609535330586669e-01 -9.245516060549654e+00
2.435000000000000e+09 9.614166856962436e-01 -9.290295321737869e+00
2.436666666666667e+09 9.618716269509918e-01 -9.334894058621595e+00
2.438333333333334e+09 9.623185118298146e-01 -9.379309684859219e+00
2.440000000000000e+09 9.627574983458866e-01 -9.423539785002058e+00
2.441666666666667e+09 9.631887470789173e-01 -9.467582417419361e+00
2.443333333333334e+09 9.636124160914473e-01 -9.511436322723046e+00
2.445000000000000e+09 9.640286537927408e-01 -9.555100812091114e+00
2.446666666666667e+09 9.644375950902885e-01 -9.598575312721652e+00
2.448333333333334e+09 9.648393649761742e-01 -9.641858839086565e+00
2.450000000000000e+09 9.652340884390495e-01 -9.684949793758641e+00
2.451666666666667e+09 9.656219000084311e-01 -9.727846313522326e+00
2.453333333333334e+09 9.660029453270161e-01 -9.770546960565246e+00
2.455000000000000e+09 9.663773726676941e-01 -9.813051243296837e+00
2.456666666666667e+09 9.667453204300585e-01 -9.855359535435081e+00
2.458333333333334e+09 9.671069105154149e-01 -9.897472427822430e+00
2.460000000000000e+09 9.674622531422900e-01 -9.939390026875525e+00
2.461666666666667e+09 9.678114591627054e-01 -9.981111781466382e+00
2.463333333333334e+09 9.681546493305430e-01 -1.002263698167183e+01
2.465000000000000e+09 9.684919523949297e-01 -1.006396548685864e+01
2.466666666666667e+09 9.688234936842965e-01 -1.010509802807098e+01
2.468333333333334e+09 9.691493844560635e-01 -1.014603580269561e+01
2.470000000000000e+09 9.694697217504732e-01 -1.018677972055307e+01
2.471666666666667e+09 9.697845989417326e-01 -1.022732998629667e+01
2.473333333333334e+09 9.700941172214387e-01 -1.026768639738111e+01
2.475000000000000e+09 9.703983872663750e-01 -1.030784906591894e+01
2.476666666666667e+09 9.706975196109321e-01 -1.034781886247243e+01
2.478333333333334e+09 9.709916132650809e-01 -1.038759713585754e+01
2.480000000000000e+09 9.712807542637429e-01 -1.042718496816051e+01
2.481666666666667e+09 9.715650265015144e-01 -1.046658271311958e+01
2.483333333333334e+09 9.718445248252222e-01 -1.050579034384112e+01
2.485000000000000e+09 9.721193568893539e-01 -1.054480836854715e+01
2.486666666666667e+09 9.723896298539596e-01 -1.058363846891726e+01
2.488333333333334e+09 9.726554324146481e-01 -1.062228317576292e+01
2.490000000000000e+09 9.729168284576039e-01 -1.066074473089326e+01
2.491666666666667e+09 9.731738696652367e-01 -1.069902405477325e+01
2.493333333333334e+09 9.734266180128468e-01 -1.073712072507369e+01
2.495000000000000e+09 9.736751599071347e-01 -1.077503404300047e+01
2.496666666666667e+09 9.739196002789439e-01 -1.081276433978685e+01
2.498333333333334e+09 9.741600416962086e-01 -1.085031347590178e+01
2.500000000000000e+09 9.743965657301468e-01 -1.088768418412993e+01
2.501666666666667e+09 9.746292308618624e-01 -1.092487887255686e+01
2.503333333333334e+09 9.748580864057611e-01 -1.096189888214939e+01
2.505000000000000e+09 9.750831889579828e-01 -1.099874469482052e+01
2.506666666666667e+09 9.753046079904153e-01 -1.103541672580026e+01
2.508333333333334e+09 9.755224189410637e-01 -1.107191591498030e+01
2.510000000000000e+09 9.757366934296905e-01 -1.110824368512115e+01
2.511666666666667e+09 9.759474964853598e-01 -1.114440153015449e+01
2.513333333333334e+09 9.761548910103696e-01 -1.118039080791319e+01
2.515000000000000e+09 9.763589411860656e-01 -1.121621295523396e+01
2.516666666666667e+09 9.765597084716093e-01 -1.125186975390925e+01
2.518333333333334e+09 9.767572440101310e-01 -1.128736313911106e+01
2.520000000000000e+09 9.769515880002102e-01 -1.132269455794486e+01
2.521666666666667e+09 9.771427811615729e-01 -1.135786452090442e+01
2.523333333333334e+09 9.773308799451034e-01 -1.139287300008906e+01
2.525000000000000e+09 9.775159596115918e-01 -1.142772056048715e+01
2.526666666666667e+09 9.776980976762674e-01 -1.146240925189010e+01
2.528333333333334e+09 9.778773490155328e-01 -1.149694225817517e+01
2.530000000000000e+09 9.780537355726827e-01 -1.153132231439857e+01
2.531666666666667e+09 9.782272646299220e-01 -1.156555013823302e+01
2.533333333333334e+09 9.783979649704405e-01 -1.159962439073658e+01
2.535000000000000e+09 9.785659110793703e-01 -1.163354354836241e+01
2.536666666666667e+09 9.787312108966729e-01 -1.166730837973819e+01
2.538333333333334e+09 9.788939611505953e-01 -1.170092295935585e+01
2.540000000000000e+09 9.790542031127358e-01 -1.173439312338934e+01
2.541666666666667e+09 9.792119152205595e-01 -1.176772330702456e+01
2.543333333333334e+09 9.793670520157466e-01 -1.180091412578836e+01
2.545000000000000e+09 9.795196021459475e-01 -1.183396261907193e+01
2.546666666666667e+09 9.796696221027283e-01 -1.186686504366804e+01
2.548333333333334e+09 9.798172208227605e-01 -1.189962012387542e+01
2.550000000000000e+09 9.799625084556347e-01 -1.193223035435509e+01
2.551666666666667e+09 9.801055492985783e-01 -1.196470054530186e+01
2.553333333333334e+09 9.802463529128734e-01 -1.199703495329081e+01
2.555000000000000e+09 9.803849051461364e-01 -1.202923529463957e+01
2.556666666666667e+09 9.805212098891641e-01 -1.206130100013142e+01
2.558333333333334e+09 9.806553077776051e-01 -1.209323114773739e+01
2.560000000000000e+09 9.807872610825746e-01 -1.212502625825709e+01
2.561666666666667e+09 9.809171229954128e-01 -1.215668851838795e+01
2.563333333333334e+09 9.810449196742879e-01 -1.218822051318975e+01
2.565000000000000e+09 9.811706583715966e-01 -1.221962379665388e+01
2.566666666666667e+09 9.812943505281779e-01 -1.225089857166427e+01
2.568333333333334e+09 9.814160272199836e-01 -1.228204459439680e+01
2.570000000000000e+09 9.815357343754711e-01 -1.231306231278139e+01
2.571666666666667e+09 9.816535152407493e-01 -1.234395317821541e+01
2.573333333333334e+09 9.817693982336982e-01 -1.237471898042440e+01
2.575000000000000e+09 9.818834007215670e-01 -1.240536099509881e+01
2.576666666666667e+09 9.819955424310028e-01 -1.243587981006301e+01
2.578333333333334e+09 9.821058532679227e-01 -1.246627591281565e+01
2.580000000000000e+09 9.822143675315994e-01 -1.249655031995461e+01
2.581666666666667e+09 9.823211116579209e-01 -1.252670452025986e+01
2.583333333333334e+09 9.824260998129062e-01 -1.255673977125358e+01
2.585000000000000e+09 9.825293433799269e-01 -1.258665652214273e+01
2.586666666666667e+09 9.826308651281583e-01 -1.261645465450674e+01
2.588333333333334e+09 9.827307026135665e-01 -1.264613438694176e+01
2.590000000000000e+09 9.828288954100045e-01 -1.267569693526436e+01
2.591666666666667e+09 9.829254677250282e-01 -1.270514416755333e+01
2.593333333333334e+09 9.830204245180346e-01 -1.273447747191057e+01
2.595000000000000e+09 9.831137674497334e-01 -1.276369692239735e+01
2.596666666666667e+09 9.832055171251201e-01 -1.279280167191564e+01
2.598333333333334e+09 9.832957196739001e-01 -1.282179136901920e+01
2.600000000000000e+09 9.833844285257716e-01 -1.285066733225999e+01
2.601666666666667e+09 9.834716756480004e-01 -1.287943229379528e+01
2.603333333333334e+09 9.835574583707976e-01 -1.290808877757658e+01
2.605000000000000e+09 9.836417555950745e-01 -1.293663748404163e+01
2.606666666666667e+09 9.837245606945267e-01 -1.296507715149824e+01
2.608333333333334e+09 9.838059022629029e-01 -1.299340607865841e+01
2.610000000000000e+09 9.838858340053127e-01 -1.302162397250769e+01
2.611666666666667e+09 9.839644030443763e-01 -1.304973246418708e+01
2.613333333333334e+09 9.840416257755786e-01 -1.307773385635627e+01
2.615000000000000e+09 9.841174931425236e-01 -1.310562930528355e+01
2.616666666666667e+09 9.841919993510907e-01 -1.313341814609818e+01
2.618333333333334e+09 9.842651660815787e-01 -1.316109895066250e+01
2.620000000000000e+09 9.843370393044393e-01 -1.318867123912982e+01
2.621666666666667e+09 9.844076628798568e-01 -1.321613616590211e+01
2.623333333333334e+09 9.844770556622524e-01 -1.324349554778417e+01
2.625000000000000e+09 9.845452146830922e-01 -1.327075025365427e+01
2.626666666666667e+09 9.846121404750050e-01 -1.329789958691269e+01
2.628333333333334e+09 9.846778584263867e-01 -1.332494226003363e+01
2.630000000000000e+09 9.847424145520711e-01 -1.335187793703211e+01
2.631666666666667e+09 9.848058504983779e-01 -1.337870775778077e+01
2.633333333333334e+09 9.848681837985297e-01 -1.340543332674989e+01
2.635000000000000e+09 9.849294135362856e-01 -1.343205523810058e+01
2.636666666666667e+09 9.849895448714523e-01 -1.345857266625466e+01
2.638333333333334e+09 9.850486063829603e-01 -1.348498440180129e+01
2.640000000000000e+09 9.851066425121680e-01 -1.351129017644440e+01
2.641666666666667e+09 9.851636906745604e-01 -1.353749084277866e+01
2.643333333333334e+09 9.852197693591436e-01 -1.356358726913323e+01
2.645000000000000e+09 9.852748909915113e-01 -1.358957927950654e+01
2.646666666666667e+09 9.853290844307553e-01 -1.361546596671519e+01
2.648333333333334e+09 9.853823986918592e-01 -1.364124714091725e+01
2.650000000000000e+09 9.854348786082764e-01 -1.366692421119063e+01
2.651666666666667e+09 9.854865363779621e-01 -1.369249914285697e+01
2.653333333333334e+09 9.855373540507876e-01 -1.371797214600296e+01
2.655000000000000e+09 9.855873250283275e-01 -1.374334041292599e+01
2.656666666666667e+09 9.856365013179816e-01 -1.376859964449876e+01
2.658333333333334e+09 9.856849997203374e-01 -1.379374756757732e+01
2.660000000000000e+09 9.857329522083642e-01 -1.381878651350839e+01
2.661666666666667e+09 9.857804365244321e-01 -1.384372259233417e+01
2.663333333333334e+09 9.858274446451711e-01 -1.386856184245340e+01
2.665000000000000e+09 9.858739168234316e-01 -1.389330641239547e+01
2.666666666666667e+09 9.859198133044456e-01 -1.391795384958971e+01
2.668333333333334e+09 9.859651649436673e-01 -1.394249989030330e+01
2.670000000000000e+09 9.860100650959156e-01 -1.396694222021697e+01
2.671666666666667e+09 9.860546172532428e-01 -1.399128211733476e+01
2.673333333333334e+09 9.860988878117570e-01 -1.401552303446133e+01
2.675000000000000e+09 9.861429016471811e-01 -1.403966789345833e+01
2.676666666666667e+09 9.861866751277298e-01 -1.406371767445356e+01
2.678333333333334e+09 9.862302490982917e-01 -1.408767228621473e+01
2.680000000000000e+09 9.862736910012289e-01 -1.411153245468662e+01
2.681666666666667e+09 9.863170694603789e-01 -1.413530062490368e+01
2.683333333333334e+09 9.863604307067135e-01 -1.415898013452349e+01
2.685000000000000e+09 9.864038003700701e-01 -1.418257372627632e+01
2.686666666666667e+09 9.864472058810129e-01 -1.420608300603484e+01
2.688333333333334e+09 9.864906941909782e-01 -1.422950933349708e+01
2.690000000000000e+09 9.865343262860909e-01 -1.425285512433529e+01
2.691666666666667e+09 9.865781549456185e-01 -1.427612418057563e+01
2.693333333333334e+09 9.866222090990419e-01 -1.429932072448468e+01
2.695000000000000e+09 9.866665006702589e-01 -1.432244814295879e+01
2.696666666666667e+09 9.867110467761139e-01 -1.434550871997192e+01
2.698333333333334e+09 9.867558849834639e-01 -1.436850463538126e+01
2.700000000000000e+09 9.868010663079145e-01 -1.439143927283067e+01
2.701666666666667e+09 9.868466319273100e-01 -1.441431759837263e+01
2.703333333333334e+09 9.868925944166290e-01 -1.443714525232165e+01
2.705000000000000e+09 9.869389395112813e-01 -1.445992715370898e+01
2.706666666666667e+09 9.869856458315360e-01 -1.448266678924545e+01
2.708333333333334e+09 9.870327052464157e-01 -1.450536669375857e+01
2.710000000000000e+09 9.870801278459674e-01 -1.452802961258131e+01
2.711666666666667e+09 9.871279296357890e-01 -1.455065936591236e+01
2.713333333333334e+09 9.871761145290768e-01 -1.457326081150605e+01
2.715000000000000e+09 9.872246643744277e-01 -1.459583907480548e+01
2.716666666666667e+09 9.872735422376383e-01 -1.461839870404101e+01
2.718333333333334e+09 9.873227038449673e-01 -1.464094330913401e+01
2.720000000000000e+09 9.873721079729665e-01 -1.466347578238484e+01
2.721666666666667e+09 9.874217197039846e-01 -1.468599880305873e+01
2.723333333333334e+09 9.874715064422522e-01 -1.470851523616450e+01
2.725000000000000e+09 9.875214307963850e-01 -1.473102819520170e+01
2.726666666666667e+09 9.875714453278284e-01 -1.475354077180982e+01
2.728333333333334e+09 9.876214925218890e-01 -1.477605561697775e+01
2.730000000000000e+09 9.876715102769906e-01 -1.479857463891714e+01
2.731666666666667e+09 9.877214397805347e-01 -1.482109902837697e+01
2.733333333333334e+09 9.877712305895362e-01 -1.484362962401657e+01
2.735000000000000e+09 9.878208390324581e-01 -1.486616737917496e+01
2.736666666666667e+09 9.878702207321988e-01 -1.488871357699598e+01
2.738333333333334e+09 9.879193229325213e-01 -1.491126960111351e+01
2.740000000000000e+09 9.879680830412679e-01 -1.493383641848570e+01
2.741666666666667e+09 9.880164350532886e-01 -1.495641418278023e+01
2.743333333333334e+09 9.880643189782649e-01 -1.497900228093840e+01
2.745000000000000e+09 9.881116858805847e-01 -1.500159977568451e+01
2.746666666666667e+09 9.881584950623182e-01 -1.502420586811116e+01
2.748333333333334e+09 9.882047067361337e-01 -1.504682001465187e+01
2.750000000000000e+09 9.882502769738992e-01 -1.506944166167435e+01
2.751666666666667e+09 9.882951588645814e-01 -1.509206988948339e+01
2.753333333333334e+09 9.883393078700456e-01 -1.511470328485341e+01
2.755000000000000e+09 9.883826862269952e-01 -1.513734009906848e+01
2.756666666666667e+09 9.884252634624847e-01 -1.515997848962671e+01
2.758333333333334e+09 9.884670145354418e-01 -1.518261664288324e+01
2.760000000000000e+09 9.885079187063315e-01 -1.520525278425432e+01
2.761666666666667e+09 9.885479596293821e-01 -1.522788522563068e+01
2.763333333333334e+09 9.885871241209427e-01 -1.525051249750156e+01
2.765000000000000e+09 9.886253979460535e-01 -1.527313339896899e+01
2.766666666666667e+09 9.886627613624699e-01 -1.529574677036232e+01
2.768333333333334e+09 9.886991898231303e-01 -1.531835105679700e+01
2.770000000000000e+09 9.887346618892356e-01 -1.534094403553558e+01
2.771666666666667e+09 9.887691691904429e-01 -1.536352305668923e+01
2.773333333333334e+09 9.888027194790210e-01 -1.538608572571733e+01
2.775000000000000e+09 9.888353284885465e-01 -1.540863050419628e+01
2.776666666666667e+09 9.888670061816363e-01 -1.543115669357793e+01
2.778333333333334e+09 9.888977487789951e-01 -1.545366377582098e+01
2.780000000000000e+09 9.889275434237440e-01 -1.547615066805856e+01
2.781666666666667e+09 9.889563810336187e-01 -1.549861553816945e+01
2.783333333333334e+09 9.889842654873711e-01 -1.552105630822037e+01
2.785000000000000e+09 9.890112111586875e-01 -1.554347133043690e+01
2.786666666666667e+09 9.890372323445253e-01 -1.556585958593371e+01
2.788333333333334e+09 9.890623358850525e-01 -1.558822026774782e+01
2.790000000000000e+09 9.890865243484095e-01 -1.561055225002262e+01
2.791666666666667e+09 9.891098055241851e-01 -1.563285405066173e+01
2.793333333333334e+09 9.891321968310977e-01 -1.565512434142865e+01
2.795000000000000e+09 9.891537185559240e-01 -1.567736242122619e+01
2.796666666666667e+09 9.891743825685291e-01 -1.569956804724666e+01
2.798333333333334e+09 9.891941897192831e-01 -1.572174069890007e+01
2.800000000000000e+09 9.892131413205758e-01 -1.574387905014234e+01
2.801666666666667e+09 9.892312545853167e-01 -1.576598135911037e+01
2.803333333333334e+09 9.892485647024537e-01 -1.578804659417352e+01
2.805000000000000e+09 9.892651068152813e-01 -1.581007523342062e+01
2.806666666666667e+09 9.892808914209736e-01 -1.583206875484508e+01
2.808333333333334e+09 9.892958970318130e-01 -1.585402797156107e+01
2.810000000000000e+09 9.893100918905222e-01 -1.587595157804750e+01
2.811666666666667e+09 9.893234704246202e-01 -1.589783635279016e+01
2.813333333333334e+09 9.893360733895983e-01 -1.591967915299712e+01
2.815000000000000e+09 9.893479706969938e-01 -1.594147919640833e+01
2.816666666666667e+09 9.893592167344414e-01 -1.596323865190497e+01
2.818333333333334e+09 9.893698135353391e-01 -1.598496081935603e+01
2.820000000000000e+09 9.893797139196538e-01 -1.600664719809827e+01
2.821666666666667e+09 9.893888653624435e-01 -1.602829579504223e+01
2.823333333333334e+09 9.893972614413644e-01 -1.604990213732151e+01
2.825000000000000e+09 9.894049601067298e-01 -1.607146230836419e+01
2.826666666666667e+09 9.894120536619674e-01 -1.609297569396125e+01
2.828333333333334e+09 9.894186131323779e-01 -1.611444535506755e+01
2.830000000000000e+09 9.894246486906690e-01 -1.613587581498100e+01
2.831666666666667e+09 9.894301135381925e-01 -1.615726999555311e+01
2.833333333333334e+09 9.894349444762915e-01 -1.617862751603683e+01
2.835000000000000e+09 9.894391067613020e-01 -1.619994533104901e+01
2.836666666666667e+09 9.894426126438084e-01 -1.622121987877489e+01
2.838333333333334e+09 9.894455071400632e-01 -1.624244900435493e+01
2.840000000000000e+09 9.894478389158508e-01 -1.626363246835397e+01
2.841666666666667e+09 9.894496398831873e-01 -1.628477115570399e+01
2.843333333333334e+09 9.894509236969816e-01 -1.630586598968928e+01
2.845000000000000e+09 9.894516959020278e-01 -1.632691742166453e+01
2.846666666666667e+09 9.894519622374375e-01 -1.634792557914724e+01
2.848333333333334e+09 9.894517288505205e-01 -1.636889055429587e+01
2.850000000000000e+09 9.894509988306321e-01 -1.638981238602522e+01
2.851666666666667e+09 9.894497726065667e-01 -1.641069079460108e+01
2.853333333333334e+09 9.894480538465283e-01 -1.643152506579042e+01
2.855000000000000e+09 9.894458552465960e-01 -1.645231432428061e+01
2.856666666666667e+09 9.894431979235342e-01 -1.647305800579408e+01
2.858333333333334e+09 9.894401043042925e-01 -1.649375611163326e+01
2.860000000000000e+09 9.894365906454213e-01 -1.651440903256364e+01
2.861666666666667e+09 9.894326653095739e-01 -1.653501713241383e+01
2.863333333333334e+09 9.894283330964768e-01 -1.655558047398931e+01
2.865000000000000e+09 9.894236004238594e-01 -1.657609888116279e+01
2.866666666666667e+09 9.894184762876804e-01 -1.659657218020262e+01
2.868333333333334e+09 9.894129690156770e-01 -1.661700030914925e+01
2.870000000000000e+09 9.894070833741730e-01 -1.663738316043226e+01
2.871666666666667e+09 9.894008220906658e-01 -1.665772032599563e+01
2.873333333333334e+09 9.893941911276755e-01 -1.667801103198386e+01
2.875000000000000e+09 9.893872040169940e-01 -1.669825437182452e+01
2.876666666666667e+09 9.893798811958827e-01 -1.671844965848544e+01
2.878333333333334e+09 9.893722448268271e-01 -1.673859660104374e+01
2.880000000000000e+09 9.893643136094604e-01 -1.675869517112895e+01
2.881666666666667e+09 9.893561019117185e-01 -1.677874530227047e+01
2.883333333333334e+09 9.893476235187147e-01 -1.679874670372466e+01
2.885000000000000e+09 9.893388961877170e-01 -1.681869895464128e+01
2.886666666666667e+09 9.893299425774840e-01 -1.683860178846992e+01
2.888333333333334e+09 9.893207863418316e-01 -1.685845530601517e+01
2.890000000000000e+09 9.893114464000441e-01 -1.687825990737361e+01
2.891666666666667e+09 9.893019341746807e-01 -1.689801595919641e+01
2.893333333333334e+09 9.892922565637325e-01 -1.691772343392076e+01
2.895000000000000e+09 9.892824231197088e-01 -1.693738180370720e+01
2.896666666666667e+09 9.892724524833668e-01 -1.695699030462792e+01
2.898333333333334e+09 9.892623731340450e-01 -1.697654841740288e+01
2.900000000000000e+09 9.892522172540646e-01 -1.699605622920588e+01
2.901666666666667e+09 9.892420115963620e-01 -1.701551439208397e+01
2.903333333333334e+09 9.892317719971296e-01 -1.703492366984836e+01
2.905000000000000e+09 9.892215060893119e-01 -1.705428438425181e+01
2.906666666666667e+09 9.892112227814032e-01 -1.707359618328781e+01
2.908333333333334e+09 9.892009415119972e-01 -1.709285833594492e+01
2.910000000000000e+09 9.891906939159628e-01 -1.711207034530754e+01
2.911666666666667e+09 9.891805163541350e-01 -1.713123239432352e+01
2.913333333333334e+09 9.891704394199220e-01 -1.715034525546186e+01
2.915000000000000e+09 9.891604834122403e-01 -1.716940974597839e+01
2.916666666666667e+09 9.891506637635455e-01 -1.718842621933559e+01
2.918333333333334e+09 9.891410014114769e-01 -1.720739456936586e+01
2.920000000000000e+09 9.891315281793558e-01 -1.722631476233883e+01
2.921666666666667e+09 9.891222814182706e-01 -1.724518740240619e+01
2.923333333333334e+09 9.891132922345856e-01 -1.726401376342929e+01
2.925000000000000e+09 9.891045783396833e-01 -1.728279519350381e+01
2.926666666666667e+09 9.890961490825367e-01 -1.730153240417161e+01
2.928333333333334e+09 9.890880190862129e-01 -1.732022531398239e+01
2.930000000000000e+09 9.890802183800128e-01 -1.733887363468630e+01
2.931666666666667e+09 9.890727895648422e-01 -1.735747769033242e+01
2.933333333333334e+09 9.890657745877440e-01 -1.737603871558611e+01
2.935000000000000e+09 9.890592038934130e-01 -1.739455836305325e+01
2.936666666666667e+09 9.890530987828543e-01 -1.741303793050136e+01
2.938333333333334e+09 9.890474847772052e-01 -1.743147813539402e+01
2.940000000000000e+09 9.890424019340061e-01 -1.744987975740869e+01
2.941666666666667e+09 9.890378995596971e-01 -1.746824457951874e+01
2.943333333333334e+09 9.890340174303477e-01 -1.748657565261860e+01
2.945000000000000e+09 9.890307700094229e-01 -1.750487645131541e+01
2.946666666666667e+09 9.890281497327814e-01 -1.752314953807182e+01
2.948333333333334e+09 9.890261490234965e-01 -1.754139591936116e+01
2.950000000000000e+09 9.890247827981393e-01 -1.755961575360225e+01
2.951666666666667e+09 9.890240911087496e-01 -1.757780986269472e+01
2.953333333333334e+09 9.890241186157850e-01 -1.759598071302086e+01
2.955000000000000e+09 9.890248889364446e-01 -1.761413195180655e+01
2.956666666666667e+09 9.890263975101964e-01 -1.763226689118193e+01
2.958333333333334e+09 9.890286302135025e-01 -1.765038733655066e+01
2.960000000000000e+09 9.890315909271522e-01 -1.766849388831846e+01
2.961666666666667e+09 9.890353120428166e-01 -1.768658749699119e+01
2.963333333333334e+09 9.890398369468016e-01 -1.770467085130399e+01
2.965000000000000e+09 9.890451896410140e-01 -1.772274827524324e+01
2.966666666666667e+09 9.890513594978732e-01 -1.774082416926846e+01
2.968333333333334e+09 9.890583158749606e-01 -1.775890141578238e+01
2.970000000000000e+09 9.890660393891599e-01 -1.777698125980323e+01
2.971666666666667e+09 9.890745400168591e-01 -1.779506482370616e+01
2.973333333333334e+09 9.890838433140152e-01 -1.781315483647460e+01
2.975000000000000e+09 9.890939558763804e-01 -1.783125584663406e+01
2.976666666666667e+09 9.891048424419189e-01 -1.784937251707016e+01
2.978333333333334e+09 9.891164390875574e-01 -1.786750741800222e+01
2.980000000000000e+09 9.891286952906224e-01 -1.788566036962108e+01
2.981666666666667e+09 9.891416099799373e-01 -1.790383017170720e+01
2.983333333333334e+09 9.891552285603125e-01 -1.792201748638490e+01
2.985000000000000e+09 9.891695992062793e-01 -1.794022652216159e+01
2.986666666666667e+09 9.891847212108014e-01 -1.795846402857105e+01
2.988333333333334e+09 9.892005261320715e-01 -1.797673626613509e+01
2.990000000000000e+09 9.892169067845259e-01 -1.799504625404112e+01
2.991666666666667e+09 9.892337713703659e-01 -1.801339335246711e+01
2.993333333333334e+09 9.892510815982881e-01 -1.803177535420760e+01
2.995000000000000e+09 9.892688486477990e-01 -1.805019134317712e+01
2.996666666666667e+09 9.892870950700111e-01 -1.806864317213309e+01
2.998333333333334e+09 9.893058151293245e-01 -1.808713471476056e+01
3.000000000000000e+09 9.893249622221697e-01 -1.810566983777337e+01
