2.000000000000000e+09 4.499476262737919e-01 -1.313178632793364e+02
2.001666666666667e+09 4.527439916311706e-01 -1.316926315903943e+02
2.003333333333333e+09 4.555741929482606e-01 -1.320718154964949e+02
2.005000000000000e+09 4.584384379704716e-01 -1.324555148395284e+02
2.006666666666667e+09 4.613369195173756e-01 -1.328438313691088e+02
2.008333333333333e+09 4.642698134240785e-01 -1.332368685409452e+02
2.010000000000000e+09 4.672372749179000e-01 -1.336347316345458e+02
2.011666666666667e+09 4.702394344271550e-01 -1.340375280450859e+02
2.013333333333333e+09 4.732763944286573e-01 -1.344453674487694e+02
2.015000000000000e+09 4.763482282615332e-01 -1.348583616917388e+02
2.016666666666667e+09 4.794549803381964e-01 -1.352766245381585e+02
2.018333333333333e+09 4.825966660733430e-01 -1.357002715459370e+02
2.020000000000000e+09 4.857732700002072e-01 -1.361294201974556e+02
2.021666666666667e+09 4.889847417740088e-01 -1.365641901481630e+02
2.023333333333333e+09 4.922309910799927e-01 -1.370047033305084e+02
2.025000000000000e+09 4.955118829310393e-01 -1.374510837816055e+02
2.026666666666667e+09 4.988272342795212e-01 -1.379034573165223e+02
2.028333333333333e+09 5.021768118455925e-01 -1.383619512990986e+02
2.030000000000000e+09 5.055603303230894e-01 -1.388266946497523e+02
2.031666666666667e+09 5.089774500370737e-01 -1.392978179918196e+02
2.033333333333333e+09 5.124277735714142e-01 -1.397754537076214e+02
2.035000000000000e+09 5.159108414779192e-01 -1.402597357751292e+02
2.036666666666667e+09 5.194261275661236e-01 -1.407507994829494e+02
2.038333333333333e+09 5.229730342752075e-01 -1.412487812496464e+02
2.040000000000000e+09 5.265508882744548e-01 -1.417538186727152e+02
2.041666666666667e+09 5.301589359655648e-01 -1.422660506925889e+02
2.043333333333333e+09 5.337963383389667e-01 -1.427856176043084e+02
2.045000000000000e+09 5.374621649338988e-01 -1.433126607349165e+02
2.046666666666667e+09 5.411553873491166e-01 -1.438473218625936e+02
2.048333333333333e+09 5.448748733007635e-01 -1.443897426600091e+02
2.050000000000000e+09 5.486193820341646e-01 -1.449400644183182e+02
2.051666666666667e+09 5.523875609015669e-01 -1.454984280718640e+02
2.053333333333333e+09 5.561779417984372e-01 -1.460649742981636e+02
2.055000000000000e+09 5.599889358804123e-01 -1.466398434138029e+02
2.056666666666667e+09 5.638188259724696e-01 -1.472231749537303e+02
2.058333333333333e+09 5.676657576986757e-01 -1.478151070544301e+02
2.060000000000000e+09 5.715277313358796e-01 -1.484157758675948e+02
2.061666666666667e+09 5.754025958775079e-01 -1.490253151444930e+02
2.063333333333333e+09 5.792880451339284e-01 -1.496438559535364e+02
2.065000000000000e+09 5.831816142152664e-01 -1.502715263843801e+02
2.066666666666667e+09 5.870806746312316e-01 -1.509084511241182e+02
2.068333333333333e+09 5.909824275397940e-01 -1.515547509022410e+02
2.070000000000000e+09 5.948838962571791e-01 -1.522105418730074e+02
2.071666666666667e+09 5.987819197105413e-01 -1.528759349834264e+02
2.073333333333333e+09 6.026731477200056e-01 -1.535510353137603e+02
2.075000000000000e+09 6.065540376569969e-01 -1.542359413627809e+02
2.076666666666667e+09 6.104208513240788e-01 -1.549307443036936e+02
2.078333333333333e+09 6.142696513305004e-01 -1.556355272901808e+02
2.080000000000000e+09 6.180962972596722e-01 -1.563503648628141e+02
2.081666666666667e+09 6.218964425844549e-01 -1.570753223954995e+02
2.083333333333333e+09 6.256655331124803e-01 -1.578104554291599e+02
2.085000000000000e+09 6.293988070815635e-01 -1.585558087706029e+02
2.086666666666667e+09 6.330912965628126e-01 -1.593114153883396e+02
2.088333333333333e+09 6.367378298817079e-01 -1.600772952914548e+02
2.090000000000000e+09 6.403330350579188e-01 -1.608534545918761e+02
2.091666666666667e+09 6.438713443458116e-01 -1.616398847983617e+02
2.093333333333333e+09 6.473469997697240e-01 -1.624365621941174e+02
2.095000000000000e+09 6.507540594713347e-01 -1.632434470760328e+02
2.096666666666667e+09 6.540864050569619e-01 -1.640604827446784e+02
2.098333333333333e+09 6.573377507571305e-01 -1.648875943319543e+02
2.100000000000000e+09 6.605016554577817e-01 -1.657246876679141e+02
2.101666666666667e+09 6.635715380846462e-01 -1.665716483319203e+02
2.103333333333333e+09 6.665406956976648e-01 -1.674283408732752e+02
2.105000000000000e+09 6.694023228639409e-01 -1.682946080738622e+02
2.106666666666667e+09 6.721495311679154e-01 -1.691702701500512e+02
2.108333333333333e+09 6.747753689866589e-01 -1.700551239048511e+02
2.110000000000000e+09 6.772728429560962e-01 -1.709489419179813e+02
2.111666666666667e+09 6.796349428203954e-01 -1.718514718296381e+02
2.113333333333333e+09 6.818546702965844e-01 -1.727624356843030e+02
2.115000000000000e+09 6.839250709523842e-01 -1.736815292661130e+02
2.116666666666667e+09 6.858392671278039e-01 -1.746084214245273e+02
2.118333333333333e+09 6.875904904001229e-01 -1.755427534863477e+02
2.120000000000000e+09 6.891721136737746e-01 -1.764841388612481e+02
2.121666666666667e+09 6.905776844566852e-01 -1.774321628413433e+02
2.123333333333333e+09 6.918009610535071e-01 -1.783863824694735e+02
2.125000000000000e+09 6.928359520226426e-01 -1.793463263409606e+02
2.126666666666667e+09 6.936769573107507e-01 1.796885056614277e+02
2.128333333333333e+09 6.943186085729613e-01 1.787186425397023e+02
2.130000000000000e+09 6.947559072067930e-01 1.777446420746945e+02
2.131666666666667e+09 6.949842609287877e-01 1.767670904016551e+02
2.133333333333333e+09 6.949995214157355e-01 1.757866014101287e+02
2.135000000000000e+09 6.947980249369259e-01 1.748038161519172e+02
2.136666666666667e+09 6.943766350951187e-01 1.738194022928417e+02
2.138333333333333e+09 6.937327838769355e-01 1.728340534474908e+02
2.140000000000000e+09 6.928645068023894e-01 1.718484881874453e+02
2.141666666666667e+09 6.917704709027872e-01 1.708634486678563e+02
2.143333333333333e+09 6.904499985328403e-01 1.698796990247107e+02
2.145000000000000e+09 6.889030920903098e-01 1.688980237419738e+02
2.146666666666667e+09 6.871304624328773e-01 1.679192260117126e+02
2.148333333333334e+09 6.851335585197571e-01 1.669441258746765e+02
2.150000000000000e+09 6.829145916857261e-01 1.659735578728302e+02
2.151666666666667e+09 6.804765485337281e-01 1.650083681468838e+02
2.153333333333334e+09 6.778231915449541e-01 1.640494111973979e+02
2.155000000000000e+09 6.749590521329970e-01 1.630975466272700e+02
2.156666666666667e+09 6.718894223935951e-01 1.621536359896770e+02
2.158333333333334e+09 6.686203479675075e-01 1.612185395492926e+02
2.160000000000000e+09 6.651586185194255e-01 1.602931126225024e+02
2.161666666666667e+09 6.615117493703588e-01 1.593782013380914e+02
2.163333333333334e+09 6.576879502325805e-01 1.584746380027261e+02
2.165000000000000e+09 6.536960825389528e-01 1.575832364572663e+02
2.166666666666667e+09 6.495456106933124e-01 1.567047876935850e+02
2.168333333333334e+09 6.452465516082595e-01 1.558400556881340e+02
2.170000000000000e+09 6.408094224763792e-01 1.549897732002811e+02
2.171666666666667e+09 6.362451832035660e-01 1.541546373759844e+02
2.173333333333334e+09 6.315651706190260e-01 1.533353052945463e+02
2.175000000000000e+09 6.267810257176732e-01 1.525323898064972e+02
2.176666666666667e+09 6.219046188385787e-01 1.517464559293789e+02
2.178333333333334e+09 6.169479774593764e-01 1.509780177736366e+02
2.180000000000000e+09 6.119232175069567e-01 1.502275357460366e+02
2.181666666666667e+09 6.068424753579927e-01 1.494954138365300e+02
2.183333333333334e+09 6.017178374822915e-01 1.487819970751819e+02
2.185000000000000e+09 5.965612680835425e-01 1.480875694742424e+02
2.186666666666667e+09 5.913845389030479e-01 1.474123527235257e+02
2.188333333333334e+09 5.861991660987161e-01 1.467565056250425e+02
2.190000000000000e+09 5.810163562252653e-01 1.461201239948520e+02
2.191666666666667e+09 5.758469595009705e-01 1.455032407548866e+02
2.193333333333334e+09 5.707014270565286e-01 1.449058261681460e+02
2.195000000000000e+09 5.655897706427278e-01 1.443277884018111e+02
2.196666666666667e+09 5.605215262532763e-01 1.437689746138018e+02
2.198333333333334e+09 5.555057243889977e-01 1.432291725527868e+02
2.200000000000000e+09 5.505508682279726e-01 1.427081124525277e+02
2.201666666666667e+09 5.456649183726491e-01 1.422054689949396e+02
2.203333333333334e+09 5.408552815876444e-01 1.417208633111151e+02
2.205000000000000e+09 5.361288019826341e-01 1.412538651864907e+02
2.206666666666667e+09 5.314917551635190e-01 1.408039956396216e+02
2.208333333333334e+09 5.269498468959334e-01 1.403707298530549e+02
2.210000000000000e+09 5.225082169433128e-01 1.399535002383486e+02
2.211666666666667e+09 5.181714469698282e-01 1.395516994040239e+02
2.213333333333334e+09 5.139435704329652e-01 1.391646829727569e+02
2.215000000000000e+09 5.098280829453546e-01 1.387917723910480e+02
2.216666666666667e+09 5.058279528919172e-01 1.384322579158330e+02
2.218333333333334e+09 5.019456328887898e-01 1.380854018357240e+02
2.220000000000000e+09 4.981830725138101e-01 1.377504418357895e+02
2.221666666666667e+09 4.945417322294237e-01 1.374265943890678e+02
2.223333333333334e+09 4.910225983116612e-01 1.371130581543225e+02
2.225000000000000e+09 4.876261988721477e-01 1.368090174477730e+02
2.226666666666667e+09 4.843526210376766e-01 1.365136458289954e+02
2.228333333333334e+09 4.812015286927525e-01 1.362261097327083e+02
2.230000000000000e+09 4.781721795259546e-01 1.359455720253222e+02
2.231666666666667e+09 4.752634404848423e-01 1.356711954490584e+02
2.233333333333334e+09 4.724738022957577e-01 1.354021460609769e+02
2.235000000000000e+09 4.698013952010615e-01 1.351375968164276e+02
2.236666666666667e+09 4.672440078714761e-01 1.348767313128467e+02
2.238333333333334e+09 4.647991092701246e-01 1.346187475124034e+02
2.240000000000000e+09 4.624638707824307e-01 1.343628612003037e+02
2.241666666666667e+09 4.602351855536453e-01 1.341083090926970e+02
2.243333333333334e+09 4.581096844518892e-01 1.338543517482576e+02
2.245000000000000e+09 4.560837515103682e-01 1.336002765232151e+02
2.246666666666667e+09 4.541535430027424e-01 1.333454006369137e+02
2.248333333333334e+09 4.523150119807305e-01 1.330890741327871e+02
2.250000000000000e+09 4.505639358717319e-01 1.328306824016940e+02
2.251666666666667e+09 4.488959422410065e-01 1.325696481141463e+02
2.253333333333334e+09 4.473065294334561e-01 1.323054327332904e+02
2.255000000000000e+09 4.457910833411097e-01 1.320375379440592e+02
2.256666666666667e+09 4.443448951150911e-01 1.317655071656008e+02
2.258333333333334e+09 4.429631840548034e-01 1.314889269577190e+02
2.260000000000000e+09 4.416411255428889e-01 1.312074279250872e+02
2.261666666666667e+09 4.403738794889849e-01 1.309206848801871e+02
2.263333333333334e+09 4.391566141320324e-01 1.306284164248658e+02
2.265000000000000e+09 4.379845237590004e-01 1.303303843905062e+02
2.266666666666667e+09 4.368528436708159e-01 1.300263934707079e+02
2.268333333333334e+09 4.357568674081163e-01 1.297162909701420e+02
2.270000000000000e+09 4.346919684617763e-01 1.293999662464130e+02
2.271666666666667e+09 4.336536239970336e-01 1.290773494585464e+02
2.273333333333334e+09 4.326374356723109e-01 1.287484096327863e+02
2.275000000000000e+09 4.316391444769254e-01 1.284131524632495e+02
2.276666666666667e+09 4.306546408491017e-01 1.280716183207539e+02
2.278333333333334e+09 4.296799742553477e-01 1.277238806031814e+02
2.280000000000000e+09 4.287113654283034e-01 1.273700441340987e+02
2.281666666666667e+09 4.277452206440913e-01 1.270102431829129e+02
2.283333333333334e+09 4.267781442946715e-01 1.266446389485038e+02
2.285000000000000e+09 4.258069463190374e-01 1.262734167673129e+02
2.286666666666667e+09 4.248286443807786e-01 1.258967834999772e+02
2.288333333333334e+09 4.238404639684867e-01 1.255149653563571e+02
2.290000000000000e+09 4.228398399902271e-01 1.251282060245027e+02
2.291666666666667e+09 4.218244207591681e-01 1.247367647281830e+02
2.293333333333334e+09 4.207920720181452e-01 1.243409139487698e+02
2.295000000000000e+09 4.197408776454399e-01 1.239409368888955e+02
2.296666666666667e+09 4.186691356027589e-01 1.235371250138727e+02
2.298333333333334e+09 4.175753506647675e-01 1.231297759664308e+02
2.300000000000000e+09 4.164582269227349e-01 1.227191918746561e+02
2.301666666666667e+09 4.153166619651810e-01 1.223056778253099e+02
2.303333333333334e+09 4.141497422535830e-01 1.218895402666789e+02
2.305000000000000e+09 4.129567377137855e-01 1.214710853132314e+02
2.306666666666667e+09 4.117370940746494e-01 1.210506171332564e+02
2.308333333333334e+09 4.104904232326008e-01 1.206284366159784e+02
2.310000000000000e+09 4.092164931697416e-01 1.202048403389351e+02
2.311666666666667e+09 4.079152186733462e-01 1.197801196704757e+02
2.313333333333334e+09 4.065866527976970e-01 1.193545598236716e+02
2.315000000000000e+09 4.052309780484689e-01 1.189284388357234e+02
2.316666666666667e+09 4.038484965244327e-01 1.185020266232735e+02
2.318333333333334e+09 4.024396193300281e-01 1.180755842910183e+02
2.320000000000000e+09 4.010048563320701e-01 1.176493637280535e+02
2.321666666666667e+09 3.995448070399815e-01 1.172236073521865e+02
2.323333333333334e+09 3.980601523918614e-01 1.167985478193330e+02
2.325000000000000e+09 3.965516465404055e-01 1.163744076377536e+02
2.326666666666667e+09 3.950201080059652e-01 1.159513987963531e+02
2.328333333333334e+09 3.934664104771839e-01 1.155297225756255e+02
2.330000000000000e+09 3.918914741651842e-01 1.151095696089583e+02
2.331666666666667e+09 3.902962583557178e-01 1.146911200974458e+02
2.333333333333334e+09 3.886817549564278e-01 1.142745440015010e+02
2.335000000000000e+09 3.870489822731917e-01 1.138600011022202e+02
2.336666666666667e+09 3.853989785283767e-01 1.134476409744561e+02
2.338333333333334e+09 3.837327954435144e-01 1.130376030097279e+02
2.340000000000000e+09 3.820514926897005e-01 1.126300165976751e+02
2.341666666666667e+09 3.803561336190341e-01 1.122250014630165e+02
2.343333333333334e+09 3.786477817753990e-01 1.118226680667557e+02
2.345000000000000e+09 3.769274971609723e-01 1.114231179813420e+02
2.346666666666667e+09 3.751963316987902e-01 1.110264442133295e+02
2.348333333333334e+09 3.734553244201424e-01 1.106327314977405e+02
2.350000000000000e+09 3.717054975947672e-01 1.102420565842327e+02
2.351666666666667e+09 3.699478545888421e-01 1.098544885066206e+02
2.353333333333334e+09 3.681833789972849e-01 1.094700888312920e+02
2.355000000000000e+09 3.664130336818581e-01 1.090889119261088e+02
2.356666666666667e+09 3.646377586643568e-01 1.087110053224487e+02
2.358333333333334e+09 3.628584681658722e-01 1.083364101976040e+02
2.360000000000000e+09 3.610760482350927e-01 1.079651618970250e+02
2.361666666666667e+09 3.592913562357616e-01 1.075972903425731e+02
2.363333333333334e+09 3.575052220022953e-01 1.072328202258737e+02
2.365000000000000e+09 3.557184489944831e-01 1.068717710490320e+02
2.366666666666667e+09 3.539318136953403e-01 1.065141572153324e+02
2.368333333333334e+09 3.521460630354642e-01 1.061599883510143e+02
2.370000000000000e+09 3.503619115399715e-01 1.058092698487561e+02
2.371666666666667e+09 3.485800404801161e-01 1.054620034176429e+02
2.373333333333334e+09 3.468010999382206e-01 1.051181873925082e+02
2.375000000000000e+09 3.450257124313509e-01 1.047778167461393e+02
2.376666666666667e+09 3.432544754918688e-01 1.044408830061131e+02
2.378333333333334e+09 3.414879614653895e-01 1.041073743709637e+02
2.380000000000000e+09 3.397267150639400e-01 1.037772761487778e+02
2.381666666666667e+09 3.379712510002520e-01 1.034505713447997e+02
2.383333333333334e+09 3.362220538594705e-01 1.031272410697052e+02
2.385000000000000e+09 3.344795804616645e-01 1.028072645795308e+02
2.386666666666667e+09 3.327442630118170e-01 1.024906190792716e+02
2.388333333333334e+09 3.310165109578398e-01 1.021772796350160e+02
2.390000000000000e+09 3.292967108606588e-01 1.018672194381444e+02
2.391666666666667e+09 3.275852253777568e-01 1.015604103269516e+02
2.393333333333334e+09 3.258823930796036e-01 1.012568232021483e+02
2.395000000000000e+09 3.241885298416848e-01 1.009564280345882e+02
2.396666666666667e+09 3.225039310252509e-01 1.006591935240565e+02
2.398333333333334e+09 3.208288730227751e-01 1.003650868119325e+02
2.400000000000000e+09 3.191636134976887e-01 1.000740736544256e+02
2.401666666666667e+09 3.175083909595952e-01 9.978611909348568e+01
2.403333333333334e+09 3.158634249003408e-01 9.950118822286858e+01
2.405000000000000e+09 3.142289170801652e-01 9.921924652069546e+01
2.406666666666667e+09 3.126050533994317e-01 9.894025953112573e+01
2.408333333333334e+09 3.109920052609572e-01 9.866419217581256e+01
2.410000000000000e+09 3.093899298666778e-01 9.839100824901969e+01
2.411666666666667e+09 3.077989698792663e-01 9.812067048173601e+01
2.413333333333334e+09 3.062192533260303e-01 9.785314110766303e+01
2.415000000000000e+09 3.046508941851583e-01 9.758838250995041e+01
2.416666666666667e+09 3.030939933624113e-01 9.732635754163702e+01
2.418333333333334e+09 3.015486395566376e-01 9.706702943303353e+01
2.420000000000000e+09 3.000149099647218e-01 9.681036151834493e+01
2.421666666666667e+09 2.984928712205733e-01 9.655631707187065e+01
2.423333333333334e+09 2.969825807210963e-01 9.630485934954436e+01
2.425000000000000e+09 2.954840877353328e-01 9.605595171535010e+01
2.426666666666667e+09 2.939974333653489e-01 9.580955770201014e+01
2.428333333333334e+09 2.925226492155816e-01 9.556564099990570e+01
2.430000000000000e+09 2.910597560334660e-01 9.532416549502480e+01
2.431666666666667e+09 2.896087641861085e-01 9.508509543026899e+01
2.433333333333334e+09 2.881696766696764e-01 9.484839559313784e+01
2.435000000000000e+09 2.867424930835868e-01 9.461403133551309e+01
2.436666666666667e+09 2.853272116322270e-01 9.438196834180802e+01
2.438333333333334e+09 2.839238272899401e-01 9.415217229602563e+01
2.440000000000000e+09 2.825323272541663e-01 9.392460872685612e+01
2.441666666666667e+09 2.811526872822818e-01 9.369924318803238e+01
2.443333333333334e+09 2.797848721625478e-01 9.347604165437799e+01
2.445000000000000e+09 2.784288404143971e-01 9.325497083684839e+01
2.446666666666667e+09 2.770845498861144e-01 9.303599820931620e+01
2.448333333333334e+09 2.757519601758436e-01 9.281909180774819e+01
2.450000000000000e+09 2.744310304710034e-01 9.260422004749232e+01
2.451666666666667e+09 2.731217152170841e-01 9.239135172952827e+01
2.453333333333334e+09 2.718239616715319e-01 9.218045615793852e+01
2.455000000000000e+09 2.705377114614949e-01 9.197150313511237e+01
2.456666666666667e+09 2.692629045353983e-01 9.176446271610229e+01
2.458333333333334e+09 2.679994817613109e-01 9.155930488796494e+01
2.460000000000000e+09 2.667473837827856e-01 9.135599950008107e+01
2.461666666666667e+09 2.655065472903089e-01 9.115451661149284e+01
2.463333333333334e+09 2.642769023110455e-01 9.095482705514381e+01
2.465000000000000e+09 2.630583732265085e-01 9.075690278423538e+01
2.466666666666667e+09 2.618508828620098e-01 9.056071670764031e+01
2.468333333333334e+09 2.606543562726191e-01 9.036624214196777e+01
2.470000000000000e+09 2.594687212297067e-01 9.017345233658277e+01
2.471666666666667e+09 2.582939054299034e-01 8.998232045801024e+01
2.473333333333334e+09 2.571298332458414e-01 8.979282000370549e+01
2.475000000000000e+09 2.559764248942932e-01 8.960492522897898e+01
2.476666666666667e+09 2.548335983642806e-01 8.941861117261179e+01
2.478333333333334e+09 2.537012718858243e-01 8.923385325807612e+01
2.480000000000000e+09 2.525793645584657e-01 8.905062686281596e+01
2.481666666666667e+09 2.514677949662433e-01 8.886890729160633e+01
2.483333333333334e+09 2.503664798195241e-01 8.868867020893302e+01
2.485000000000000e+09 2.492753345972618e-01 8.850989213055389e+01
2.486666666666667e+09 2.481942758993869e-01 8.833255048066657e+01
2.488333333333334e+09 2.471232231223550e-01 8.815662309847917e+01
2.490000000000000e+09 2.460620974024313e-01 8.798208759555283e+01
2.491666666666667e+09 2.450108183705927e-01 8.780892114371045e+01
2.493333333333334e+09 2.439693016157763e-01 8.763710092572994e+01
2.495000000000000e+09 2.429374594311622e-01 8.746660489698715e+01
2.496666666666667e+09 2.419152045229906e-01 8.729741220438541e+01
2.498333333333334e+09 2.409024535483339e-01 8.712950287363326e+01
2.500000000000000e+09 2.398991273329169e-01 8.696285699462749e+01
2.501666666666667e+09 2.389051475434102e-01 8.679745407483138e+01
2.503333333333334e+09 2.379204327987689e-01 8.663327310427248e+01
2.505000000000000e+09 2.369448977220291e-01 8.647029328156081e+01
2.506666666666667e+09 2.359784557622750e-01 8.630849479219967e+01
2.508333333333334e+09 2.350210232240780e-01 8.614785898422809e+01
2.510000000000000e+09 2.340725209392531e-01 8.598836779222806e+01
2.511666666666667e+09 2.331328722514129e-01 8.583000289116528e+01
2.513333333333334e+09 2.322019993078783e-01 8.567274528657644e+01
2.515000000000000e+09 2.312798210060756e-01 8.551657568124736e+01
2.516666666666667e+09 2.303662542220022e-01 8.536147530932557e+01
2.518333333333334e+09 2.294612169334800e-01 8.520742653591977e+01
2.520000000000000e+09 2.285646303729087e-01 8.505441270616683e+01
2.521666666666667e+09 2.276764185828542e-01 8.490241733895748e+01
2.523333333333334e+09 2.267965062603274e-01 8.475142330094003e+01
2.525000000000000e+09 2.259248170927139e-01 8.460141263161410e+01
2.526666666666667e+09 2.250612738697793e-01 8.445236719100782e+01
2.528333333333334e+09 2.242057997484243e-01 8.430426965801577e+01
2.530000000000000e+09 2.233583191998044e-01 8.415710411847344e+01
2.531666666666667e+09 2.225187580545647e-01 8.401085576942960e+01
2.533333333333334e+09 2.216870433905587e-01 8.386550991305882e+01
2.535000000000000e+09 2.208631040837715e-01 8.372105093733492e+01
2.536666666666667e+09 2.200468715438431e-01 8.357746199615544e+01
2.538333333333334e+09 2.192382791371301e-01 8.343472560285407e+01
2.540000000000000e+09 2.184372596377583e-01 8.329282470519723e+01
2.541666666666667e+09 2.176437422790293e-01 8.315174348231004e+01
2.543333333333334e+09 2.168576522706580e-01 8.301146732036301e+01
2.545000000000000e+09 2.160789141542802e-01 8.287198201528533e+01
2.546666666666667e+09 2.153074569350767e-01 8.273327278676742e+01
2.548333333333334e+09 2.145432167025523e-01 8.259532379260607e+01
2.550000000000000e+09 2.137861339672934e-01 8.245811845201175e+01
2.551666666666667e+09 2.130361473766459e-01 8.232164031352791e+01
2.553333333333334e+09 2.122931889963310e-01 8.218587385061782e+01
2.555000000000000e+09 2.115571855057423e-01 8.205080466494637e+01
2.556666666666667e+09 2.108280647778187e-01 8.191641901645717e+01
2.558333333333334e+09 2.101057625392955e-01 8.178270304078794e+01
2.560000000000000e+09 2.093902234674957e-01 8.164964215491939e+01
2.561666666666667e+09 2.086813956707638e-01 8.151722094243284e+01
2.563333333333334e+09 2.079792230607449e-01 8.138542345910714e+01
2.565000000000000e+09 2.072836417620095e-01 8.125423367906062e+01
2.566666666666667e+09 2.065945830503265e-01 8.112363582688883e+01
2.568333333333334e+09 2.059119797508252e-01 8.099361451221345e+01
2.570000000000000e+09 2.052357705283846e-01 8.086415471378257e+01
2.571666666666667e+09 2.045658990323479e-01 8.073524166276165e+01
2.573333333333334e+09 2.039023097143737e-01 8.060686062162598e+01
2.575000000000000e+09 2.032449447002501e-01 8.047899657219557e+01
2.576666666666667e+09 2.025937442603911e-01 8.035163393460724e+01
2.578333333333334e+09 2.019486494354437e-01 8.022475651449709e+01
2.580000000000000e+09 2.013096033757396e-01 8.009834777989479e+01
2.581666666666667e+09 2.006765497916851e-01 7.997239132155927e+01
2.583333333333334e+09 2.000494303956900e-01 7.984687115502109e+01
2.585000000000000e+09 1.994281845139224e-01 7.972177159395414e+01
2.586666666666667e+09 1.988127517176086e-01 7.959707676040648e+01
2.588333333333334e+09 1.982030748419333e-01 7.947277013068128e+01
2.590000000000000e+09 1.975990999452033e-01 7.934883452791566e+01
2.591666666666667e+09 1.970007727282320e-01 7.922525260044024e+01
2.593333333333334e+09 1.964080347667854e-01 7.910200736621530e+01
2.595000000000000e+09 1.958208235347754e-01 7.897908228401549e+01
2.596666666666667e+09 1.952390766365952e-01 7.885646069237799e+01
2.598333333333334e+09 1.946627362928137e-01 7.873412504075371e+01
2.600000000000000e+09 1.940917494297463e-01 7.861205659344951e+01
2.601666666666667e+09 1.935260627364116e-01 7.849023593121265e+01
2.603333333333334e+09 1.929656170325806e-01 7.836864387177317e+01
2.605000000000000e+09 1.924103462563774e-01 7.824726200436251e+01
2.606666666666667e+09 1.918601821068427e-01 7.812607231514276e+01
2.608333333333334e+09 1.913150598608742e-01 7.800505617720749e+01
2.610000000000000e+09 1.907749195813875e-01 7.788419359327439e+01
2.611666666666667e+09 1.902397013386521e-01 7.776346342167503e+01
2.613333333333334e+09 1.897093390211100e-01 7.764284446981914e+01
2.615000000000000e+09 1.891837589215750e-01 7.752231653572046e+01
2.616666666666667e+09 1.886628847510051e-01 7.740186046042658e+01
2.618333333333334e+09 1.881466443213409e-01 7.728145708449723e+01
2.620000000000000e+09 1.876349711692126e-01 7.716108596631595e+01
2.621666666666667e+09 1.871277990189754e-01 7.704072495498819e+01
2.623333333333334e+09 1.866250539055361e-01 7.692035099195814e+01
2.625000000000000e+09 1.861266512701681e-01 7.679994147729921e+01
2.626666666666667e+09 1.856325008100873e-01 7.667947509652922e+01
2.628333333333334e+09 1.851425145006526e-01 7.655893152444365e+01
2.630000000000000e+09 1.846566100690845e-01 7.643829039603571e+01
2.631666666666667e+09 1.841747063867659e-01 7.631753048147266e+01
2.633333333333334e+09 1.836967148664503e-01 7.619662969399104e+01
2.635000000000000e+09 1.832225347882010e-01 7.607556577478623e+01
2.636666666666667e+09 1.827520568921881e-01 7.595431699500674e+01
2.638333333333334e+09 1.822851719370520e-01 7.583286237986694e+01
2.640000000000000e+09 1.818217763482601e-01 7.571118149785687e+01
2.641666666666667e+09 1.813617697096135e-01 7.558925418439607e+01
2.643333333333334e+09 1.809050461068582e-01 7.546706044666391e+01
2.645000000000000e+09 1.804514865778355e-01 7.534458052085211e+01
2.646666666666667e+09 1.800009587006019e-01 7.522179502437042e+01
2.648333333333334e+09 1.795533232020409e-01 7.509868534939093e+01
2.650000000000000e+09 1.791084420207522e-01 7.497523447025517e+01
2.651666666666667e+09 1.786661818582159e-01 7.485142793206501e+01
2.653333333333334e+09 1.782264114214570e-01 7.472725428881724e+01
2.655000000000000e+09 1.777889952053342e-01 7.460270433384238e+01
2.656666666666667e+09 1.773537882210673e-01 7.447776934436428e+01
2.658333333333334e+09 1.769206343345257e-01 7.435243960465941e+01
2.660000000000000e+09 1.764893681814476e-01 7.422670464267000e+01
2.661666666666667e+09 1.760598190802317e-01 7.410055550969116e+01
2.663333333333334e+09 1.756318151657154e-01 7.397398782870937e+01
2.665000000000000e+09 1.752051862127270e-01 7.384700360801148e+01
2.666666666666667e+09 1.747797639639195e-01 7.371961068381188e+01
2.668333333333334e+09 1.743553797554223e-01 7.359182045889006e+01
2.670000000000000e+09 1.739318609896899e-01 7.346364584196394e+01
2.671666666666667e+09 1.735090293313118e-01 7.333510095948726e+01
2.673333333333334e+09 1.730867027568666e-01 7.320620268142781e+01
2.675000000000000e+09 1.726647007026105e-01 7.307697263711644e+01
2.676666666666667e+09 1.722428487554000e-01 7.294743828623218e+01
2.678333333333334e+09 1.718209793647415e-01 7.281763264886068e+01
2.680000000000000e+09 1.713989283793379e-01 7.268759342339321e+01
2.681666666666667e+09 1.709765311248753e-01 7.255736247738781e+01
2.683333333333334e+09 1.705536226170341e-01 7.242698606642017e+01
2.685000000000000e+09 1.701300432400033e-01 7.229651538739745e+01
2.686666666666667e+09 1.697056465121740e-01 7.216600690573007e+01
2.688333333333334e+09 1.692803036010155e-01 7.203552229856321e+01
2.690000000000000e+09 1.688539018907508e-01 7.190512826327564e+01
2.691666666666667e+09 1.684263398949792e-01 7.177489641372621e+01
2.693333333333334e+09 1.679975237953156e-01 7.164490315485901e+01
2.695000000000000e+09 1.675673693589104e-01 7.151522925720164e+01
2.696666666666667e+09 1.671358084357979e-01 7.138595908093453e+01
2.698333333333334e+09 1.667027956632436e-01 7.125717976394695e+01
2.700000000000000e+09 1.662683112640005e-01 7.112898075075577e+01
2.701666666666667e+09 1.658323592538958e-01 7.100145369421674e+01
2.703333333333334e+09 1.653949637387968e-01 7.087469236506824e+01
2.705000000000000e+09 1.649561665953327e-01 7.074879217790361e+01
2.706666666666667e+09 1.645160277940324e-01 7.062384930587922e+01
2.708333333333334e+09 1.640746272564544e-01 7.049995970585405e+01
2.710000000000000e+09 1.636320664918479e-01 7.037721833328609e+01
2.711666666666667e+09 1.631884693024928e-01 7.025571846564874e+01
2.713333333333334e+09 1.627439819479865e-01 7.013555082008124e+01
2.715000000000000e+09 1.622987730656814e-01 7.001680235720272e+01
2.716666666666667e+09 1.618530327657790e-01 6.989955510901378e+01
2.718333333333334e+09 1.614069700510294e-01 6.978388553112134e+01
2.720000000000000e+09 1.609608087069979e-01 6.966986448909897e+01
2.721666666666667e+09 1.605147831564446e-01 6.955755737946446e+01
2.723333333333334e+09 1.600691359662650e-01 6.944702369997493e+01
2.725000000000000e+09 1.596241173308719e-01 6.933831589941548e+01
2.726666666666667e+09 1.591799851658376e-01 6.923147811423947e+01
2.728333333333334e+09 1.587370040711197e-01 6.912654566307911e+01
2.730000000000000e+09 1.582954426935884e-01 6.902354558817488e+01
2.731666666666667e+09 1.578555705810477e-01 6.892249760675561e+01
2.733333333333334e+09 1.574176558520902e-01 6.882341446303776e+01
2.735000000000000e+09 1.569819637380185e-01 6.872630126738702e+01
2.736666666666667e+09 1.565487547654470e-01 6.863115445185464e+01
2.738333333333334e+09 1.561182815858002e-01 6.853796146332145e+01
2.740000000000000e+09 1.556907851111977e-01 6.844670174673259e+01
2.741666666666667e+09 1.552664919272408e-01 6.835734844651348e+01
2.743333333333334e+09 1.548456143358559e-01 6.826986964071635e+01
2.745000000000000e+09 1.544283521946112e-01 6.818422842199737e+01
2.746666666666667e+09 1.540148940764399e-01 6.810038228636400e+01
2.748333333333334e+09 1.536054159443844e-01 6.801828297861945e+01
2.750000000000000e+09 1.532000780347967e-01 6.793787749450547e+01
2.751666666666667e+09 1.527990225483793e-01 6.785910977891351e+01
2.753333333333334e+09 1.524023740797207e-01 6.778192192400110e+01
2.755000000000000e+09 1.520102420255690e-01 6.770625410951826e+01
2.756666666666667e+09 1.516227221929460e-01 6.763204375412056e+01
2.758333333333334e+09 1.512398956632401e-01 6.755922518441005e+01
2.760000000000000e+09 1.508618260149468e-01 6.748773073482528e+01
2.761666666666667e+09 1.504885582375180e-01 6.741749288439389e+01
2.763333333333334e+09 1.501201216127981e-01 6.734844602153646e+01
2.765000000000000e+09 1.497565351977939e-01 6.728052666939978e+01
2.766666666666667e+09 1.493978117535507e-01 6.721367230793545e+01
2.768333333333334e+09 1.490439569559510e-01 6.714782011430577e+01
2.770000000000000e+09 1.486949649074305e-01 6.708290693868663e+01
2.771666666666667e+09 1.483508145330327e-01 6.701887066530851e+01
2.773333333333334e+09 1.480114708820951e-01 6.695565186195113e+01
2.775000000000000e+09 1.476768909343690e-01 6.689319441805424e+01
2.776666666666667e+09 1.473470292555423e-01 6.683144484753493e+01
2.778333333333334e+09 1.470218388601928e-01 6.677035114715571e+01
2.780000000000000e+09 1.467012671182211e-01 6.670986243858113e+01
2.781666666666667e+09 1.463852513794239e-01 6.664992981318733e+01
2.783333333333334e+09 1.460737195207871e-01 6.659050762782542e+01
2.785000000000000e+09 1.457665960737344e-01 6.653155404671629e+01
2.786666666666667e+09 1.454638090370372e-01 6.647303027973631e+01
2.788333333333334e+09 1.451652912039433e-01 6.641489911914384e+01
2.790000000000000e+09 1.448709743679926e-01 6.635712400455540e+01
2.791666666666667e+09 1.445807812839572e-01 6.629966942646598e+01
2.793333333333334e+09 1.442946228543018e-01 6.624250239331144e+01
2.795000000000000e+09 1.440124040732138e-01 6.618559383293345e+01
2.796666666666667e+09 1.437340349448419e-01 6.612891882278265e+01
2.798333333333334e+09 1.434594381505129e-01 6.607245537276614e+01
2.800000000000000e+09 1.431885475474918e-01 6.601618248123673e+01
2.801666666666667e+09 1.429212987613383e-01 6.596007867356678e+01
2.803333333333334e+09 1.426576192263611e-01 6.590412194376789e+01
2.805000000000000e+09 1.423974251400266e-01 6.584829116917226e+01
2.806666666666667e+09 1.421406271398601e-01 6.579256815781980e+01
2.808333333333334e+09 1.418871399290410e-01 6.573693903364988e+01
2.810000000000000e+09 1.416368887407840e-01 6.568139396735009e+01
2.811666666666667e+09 1.413898087363847e-01 6.562592523631253e+01
2.813333333333334e+09 1.411458390039113e-01 6.557052472209523e+01
2.815000000000000e+09 1.409049162369296e-01 6.551518247391310e+01
2.816666666666667e+09 1.406669723171093e-01 6.545988738465327e+01
2.818333333333334e+09 1.404319364276897e-01 6.540462957911801e+01
2.820000000000000e+09 1.401997392258005e-01 6.534940278234561e+01
2.821666666666667e+09 1.399703160522570e-01 6.529420479419977e+01
2.823333333333334e+09 1.397436077426031e-01 6.523903551935433e+01
2.825000000000000e+09 1.395195594828726e-01 6.518389388654759e+01
2.826666666666667e+09 1.392981189623075e-01 6.512877595674500e+01
2.828333333333334e+09 1.390792348182919e-01 6.507367570513414e+01
2.830000000000000e+09 1.388628558224975e-01 6.501858792322638e+01
2.831666666666667e+09 1.386489309152944e-01 6.496351103379135e+01
2.833333333333334e+09 1.384374099520879e-01 6.490844769453138e+01
2.835000000000000e+09 1.382282446941099e-01 6.485340282250542e+01
2.836666666666667e+09 1.380213893695239e-01 6.479838065058370e+01
2.838333333333334e+09 1.378168004233278e-01 6.474338302426574e+01
2.840000000000000e+09 1.376144357844155e-01 6.468840996636268e+01
2.841666666666667e+09 1.374142544415345e-01 6.463346168529804e+01
2.843333333333334e+09 1.372162167678231e-01 6.457854026285619e+01
2.845000000000000e+09 1.370202851424112e-01 6.452364988787834e+01
2.846666666666667e+09 1.368264239731831e-01 6.446879593509396e+01
2.848333333333334e+09 1.366345988751627e-01 6.441398403953420e+01
2.850000000000000e+09 1.364447759463664e-01 6.435921990862350e+01
2.851666666666667e+09 1.362569224375836e-01 6.430450954821680e+01
2.853333333333334e+09 1.360710088996731e-01 6.424985905576257e+01
2.855000000000000e+09 1.358870110429964e-01 6.419527371620302e+01
2.856666666666667e+09 1.357049090058749e-01 6.414075718328691e+01
2.858333333333334e+09 1.355246835306913e-01 6.408631185310976e+01
2.860000000000000e+09 1.353463114556862e-01 6.403194063246004e+01
2.861666666666667e+09 1.351697642634237e-01 6.397764892925928e+01
2.863333333333334e+09 1.349950115209953e-01 6.392344519343190e+01
2.865000000000000e+09 1.348220271103079e-01 6.386933934513566e+01
2.866666666666667e+09 1.346507935170644e-01 6.381534017413033e+01
2.868333333333334e+09 1.344813006684497e-01 6.376145374205329e+01
2.870000000000000e+09 1.343135401451843e-01 6.370768406214811e+01
2.871666666666667e+09 1.341474994230483e-01 6.365403546025169e+01
2.873333333333334e+09 1.339831607501426e-01 6.360051463909755e+01
2.875000000000000e+09 1.338205053027337e-01 6.354713076878971e+01
2.876666666666667e+09 1.336595188263341e-01 6.349389363186451e+01
2.878333333333334e+09 1.335001939337492e-01 6.344081146853265e+01
2.880000000000000e+09 1.333425274129364e-01 6.338789031953982e+01
2.881666666666667e+09 1.331865153381457e-01 6.333513528804056e+01
2.883333333333334e+09 1.330321504865445e-01 6.328255249406620e+01
2.885000000000000e+09 1.328794241570125e-01 6.323014999955295e+01
2.886666666666667e+09 1.327283303629677e-01 6.317793698744308e+01
2.888333333333334e+09 1.325788683641670e-01 6.312592202038868e+01
2.890000000000000e+09 1.324310413085530e-01 6.307411192277630e+01
2.891666666666667e+09 1.322848524729568e-01 6.302251217054125e+01
2.893333333333334e+09 1.321403026766010e-01 6.297112830883334e+01
2.895000000000000e+09 1.319973910977140e-01 6.291996707418595e+01
2.896666666666667e+09 1.318561184698240e-01 6.286903625735337e+01
2.898333333333334e+09 1.317164896508598e-01 6.281834350168755e+01
2.900000000000000e+09 1.315785135549158e-01 6.276789513601058e+01
2.901666666666667e+09 1.314422011310313e-01 6.271769603938925e+01
2.903333333333334e+09 1.313075636735669e-01 6.266775059066071e+01
2.905000000000000e+09 1.311746128260164e-01 6.261806382670213e+01
2.906666666666667e+09 1.310433614705461e-01 6.256864179461950e+01
2.908333333333334e+09 1.309138237728779e-01 6.251949079050033e+01
2.910000000000000e+09 1.307860139802187e-01 6.247061609147292e+01
2.911666666666667e+09 1.306599455716153e-01 6.242202115966153e+01
2.913333333333334e+09 1.305356325665027e-01 6.237370787856294e+01
2.915000000000000e+09 1.304130925890112e-01 6.232567756992112e+01
2.916666666666667e+09 1.302923487978459e-01 6.227793199155472e+01
2.918333333333334e+09 1.301734278877497e-01 6.223047361772973e+01
2.920000000000000e+09 1.300563546016116e-01 6.218330510205469e+01
2.921666666666667e+09 1.299411468577187e-01 6.213642841089108e+01
2.923333333333334e+09 1.298278160596535e-01 6.208984425702064e+01
2.925000000000000e+09 1.297163733949633e-01 6.204355211619617e+01
2.926666666666667e+09 1.296068378557027e-01 6.199755061076972e+01
2.928333333333334e+09 1.294992397988216e-01 6.195183780778471e+01
2.930000000000000e+09 1.293936170818974e-01 6.190641115680003e+01
2.931666666666667e+09 1.292900066633828e-01 6.186126717643079e+01
2.933333333333334e+09 1.291884381218886e-01 6.181640122061115e+01
2.935000000000000e+09 1.290889337873029e-01 6.177180752131893e+01
2.936666666666667e+09 1.289915146310036e-01 6.172747936745762e+01
2.938333333333334e+09 1.288962064884349e-01 6.168340909834635e+01
2.940000000000000e+09 1.288030413644322e-01 6.163958778241940e+01
2.941666666666667e+09 1.287120530758337e-01 6.159600485752927e+01
2.943333333333334e+09 1.286232712484219e-01 6.155264820822721e+01
2.945000000000000e+09 1.285367186930863e-01 6.150950486654364e+01
2.946666666666667e+09 1.284524139148916e-01 6.146656192633404e+01
2.948333333333334e+09 1.283703761000450e-01 6.142380690400095e+01
2.950000000000000e+09 1.282906281865373e-01 6.138122708573044e+01
2.951666666666667e+09 1.282131957168764e-01 6.133880822213894e+01
2.953333333333334e+09 1.281381029030939e-01 6.129653357805265e+01
2.955000000000000e+09 1.280653693998561e-01 6.125438417521000e+01
2.956666666666667e+09 1.279950101969335e-01 6.121234011282519e+01
2.958333333333334e+09 1.279270381508621e-01 6.117038189555902e+01
2.960000000000000e+09 1.278614666134159e-01 6.112849062407527e+01
2.961666666666667e+09 1.277983099159786e-01 6.108664686891220e+01
2.963333333333334e+09 1.277375814902358e-01 6.104482925348891e+01
2.965000000000000e+09 1.276792912538425e-01 6.100301411296908e+01
2.966666666666667e+09 1.276234441904147e-01 6.096117668026972e+01
2.968333333333334e+09 1.275700409030849e-01 6.091929283765366e+01
2.970000000000000e+09 1.275190794391959e-01 6.087733985720486e+01
2.971666666666667e+09 1.274705569159074e-01 6.083529538740461e+01
2.973333333333334e+09 1.274244697300694e-01 6.079313556136121e+01
2.975000000000000e+09 1.273808120850725e-01 6.075083404271179e+01
2.976666666666667e+09 1.273395736624575e-01 6.070836314158307e+01
2.978333333333334e+09 1.273007379528922e-01 6.066569632348682e+01
2.980000000000000e+09 1.272642825679586e-01 6.062281008330768e+01
2.981666666666667e+09 1.272301816573513e-01 6.057968353979644e+01
2.983333333333334e+09 1.271984089490913e-01 6.053629599372868e+01
2.985000000000000e+09 1.271689391308465e-01 6.049262447803207e+01
2.986666666666667e+09 1.271417462583906e-01 6.044864342179293e+01
2.988333333333334e+09 1.271168002324321e-01 6.040432681709727e+01
2.990000000000000e+09 1.270940642987082e-01 6.035965119721696e+01
2.991666666666667e+09 1.270734961028865e-01 6.031459710565547e+01
2.993333333333334e+09 1.270550519831059e-01 6.026914807684705e+01
2.995000000000000e+09 1.270386911491700e-01 6.022328824492609e+01
2.996666666666667e+09 1.270243760336342e-01 6.017700070410943e+01
2.998333333333334e+09 1.270120681867948e-01 6.013026785292067e+01
3.000000000000000e+09 1.270017231983538e-01 6.008307308297974e+01
