2.000000000000000e+09 3.775496712697653e+01 -1.034988626097187e+01
2.001666666666667e+09 3.770903900756853e+01 -1.035432351939528e+01
2.003333333333333e+09 3.766247884853039e+01 -1.035827762280607e+01
2.005000000000000e+09 3.761527994208376e+01 -1.036172757052476e+01
2.006666666666667e+09 3.756743582171311e+01 -1.036465156824116e+01
2.008333333333333e+09 3.751894028367629e+01 -1.036702699729137e+01
2.010000000000000e+09 3.746978742331174e+01 -1.036883037100155e+01
2.011666666666667e+09 3.741997169510398e+01 -1.037003729903368e+01
2.013333333333333e+09 3.736948797918738e+01 -1.037062247897989e+01
2.015000000000000e+09 3.731833162622154e+01 -1.037055970792312e+01
2.016666666666667e+09 3.726649847261732e+01 -1.036982188310929e+01
2.018333333333333e+09 3.721398485051022e+01 -1.036838096747432e+01
2.020000000000000e+09 3.716078762777578e+01 -1.036620792894315e+01
2.021666666666667e+09 3.710690428918706e+01 -1.036327268956431e+01
2.023333333333333e+09 3.705233303311131e+01 -1.035954411317573e+01
2.025000000000000e+09 3.699707284567176e+01 -1.035499002418292e+01
2.026666666666667e+09 3.694112353947160e+01 -1.034957722060086e+01
2.028333333333333e+09 3.688448578240391e+01 -1.034327145139495e+01
2.030000000000000e+09 3.682716115563941e+01 -1.033603736488386e+01
2.031666666666667e+09 3.676915225510561e+01 -1.032783846522977e+01
2.033333333333333e+09 3.671046281237683e+01 -1.031863710799004e+01
2.035000000000000e+09 3.665109779691561e+01 -1.030839452987570e+01
2.036666666666667e+09 3.659106348525588e+01 -1.029707087820147e+01
2.038333333333333e+09 3.653036751962134e+01 -1.028462521108507e+01
2.040000000000000e+09 3.646901899177743e+01 -1.027101547364795e+01
2.041666666666667e+09 3.640702856519018e+01 -1.025619848348203e+01
2.043333333333333e+09 3.634440861358541e+01 -1.024012995278797e+01
2.045000000000000e+09 3.628117334203396e+01 -1.022276454171193e+01
2.046666666666667e+09 3.621733887921403e+01 -1.020405591106379e+01
2.048333333333333e+09 3.615292336340298e+01 -1.018395674903643e+01
2.050000000000000e+09 3.608794705621180e+01 -1.016241877910817e+01
2.051666666666667e+09 3.602243249593613e+01 -1.013939278278211e+01
2.053333333333333e+09 3.595640466834561e+01 -1.011482866570419e+01
2.055000000000000e+09 3.588989115918748e+01 -1.008867556426156e+01
2.056666666666667e+09 3.582292227173984e+01 -1.006088196185330e+01
2.058333333333333e+09 3.575553112594945e+01 -1.003139578478974e+01
2.060000000000000e+09 3.568775377303140e+01 -1.000016447519944e+01
2.061666666666667e+09 3.561962934702778e+01 -9.967135067168071e+00
2.063333333333333e+09 3.555120024548066e+01 -9.932254298691660e+00
2.065000000000000e+09 3.548251231015907e+01 -9.895468773335772e+00
2.066666666666667e+09 3.541361498054184e+01 -9.856725159404103e+00
2.068333333333333e+09 3.534456141228421e+01 -9.815970400837065e+00
2.070000000000000e+09 3.527540857347055e+01 -9.773151919559803e+00
2.071666666666667e+09 3.520621734014497e+01 -9.728217805787573e+00
2.073333333333333e+09 3.513705260753355e+01 -9.681117008865932e+00
2.075000000000000e+09 3.506798342015207e+01 -9.631799549039487e+00
2.076666666666667e+09 3.499908310943192e+01 -9.580216768369104e+00
2.078333333333333e+09 3.493042941724827e+01 -9.526321627890599e+00
2.080000000000000e+09 3.486210458321173e+01 -9.470069041789873e+00
2.081666666666667e+09 3.479419538564355e+01 -9.411416225959227e+00
2.083333333333333e+09 3.472679314617177e+01 -9.350323037829073e+00
2.085000000000000e+09 3.465999372269639e+01 -9.286752300763085e+00
2.086666666666667e+09 3.459389751181920e+01 -9.220670130172998e+00
2.088333333333333e+09 3.452860945902839e+01 -9.152046291396275e+00
2.090000000000000e+09 3.446423904909275e+01 -9.080854608417274e+00
2.091666666666667e+09 3.440090024186419e+01 -9.007073413805307e+00
2.093333333333333e+09 3.433871133809065e+01 -8.930686006337451e+00
2.095000000000000e+09 3.427779479139982e+01 -8.851681084421738e+00
2.096666666666667e+09 3.421827699989637e+01 -8.770053150591918e+00
2.098333333333333e+09 3.416028809823106e+01 -8.685802912685050e+00
2.100000000000000e+09 3.410396173811056e+01 -8.598937714546077e+00
2.101666666666667e+09 3.404943481956342e+01 -8.509472005780756e+00
2.103333333333333e+09 3.399684713917352e+01 -8.417427824693162e+00
2.105000000000000e+09 3.394634095285002e+01 -8.322835250188040e+00
2.106666666666667e+09 3.389806048462180e+01 -8.225732792605520e+00
2.108333333333333e+09 3.385215142211651e+01 -8.126167729281262e+00
2.110000000000000e+09 3.380876041623512e+01 -8.024196419707275e+00
2.111666666666667e+09 3.376803456502329e+01 -7.919884634318500e+00
2.113333333333333e+09 3.373012083917185e+01 -7.813307900349895e+00
2.115000000000000e+09 3.369516541679631e+01 -7.704551830902272e+00
2.116666666666667e+09 3.366331293120663e+01 -7.593712387819126e+00
2.118333333333333e+09 3.363470567046814e+01 -7.480896047626721e+00
2.120000000000000e+09 3.360948277478865e+01 -7.366219879355722e+00
2.121666666666667e+09 3.358777945038057e+01 -7.249811573505702e+00
2.123333333333333e+09 3.356972617633893e+01 -7.131809457920378e+00
2.125000000000000e+09 3.355544785734500e+01 -7.012362498790162e+00
2.126666666666667e+09 3.354506289148468e+01 -6.891630240764981e+00
2.128333333333333e+09 3.353868217054840e+01 -6.769782625102054e+00
2.130000000000000e+09 3.353640807430047e+01 -6.646999655203615e+00
2.131666666666667e+09 3.353833352346698e+01 -6.523470935339567e+00
2.133333333333333e+09 3.354454111136261e+01 -6.399395147128070e+00
2.135000000000000e+09 3.355510227336613e+01 -6.274979515387956e+00
2.136666666666667e+09 3.357007642612007e+01 -6.150439255931571e+00
2.138333333333333e+09 3.358951004043358e+01 -6.025996937716082e+00
2.140000000000000e+09 3.361343568186701e+01 -5.901881680255939e+00
2.141666666666667e+09 3.364187110617588e+01 -5.778328156763913e+00
2.143333333333333e+09 3.367481848984825e+01 -5.655575446148474e+00
2.145000000000000e+09 3.371226381463345e+01 -5.533865814389563e+00
2.146666666666667e+09 3.375417636064717e+01 -5.413443478538769e+00
2.148333333333334e+09 3.380050824911439e+01 -5.294553339962179e+00
2.150000000000000e+09 3.385119402281777e+01 -5.177439625896987e+00
2.151666666666667e+09 3.390615031754941e+01 -5.062344390416492e+00
2.153333333333334e+09 3.396527570512783e+01 -4.949505885348742e+00
2.155000000000000e+09 3.402845075742275e+01 -4.839156866340706e+00
2.156666666666667e+09 3.409553832283392e+01 -4.731522904959414e+00
2.158333333333334e+09 3.416638397397787e+01 -4.626820737189337e+00
2.160000000000000e+09 3.424081660208860e+01 -4.525256635794979e+00
2.161666666666667e+09 3.431864917587272e+01 -4.427024790317993e+00
2.163333333333334e+09 3.439967970421772e+01 -4.332305714384404e+00
2.165000000000000e+09 3.448369242070630e+01 -4.241264737284925e+00
2.166666666666667e+09 3.457045916478815e+01 -4.154050638159529e+00
2.168333333333334e+09 3.465974091167617e+01 -4.070794447100949e+00
2.170000000000000e+09 3.475128942005280e+01 -3.991608404362266e+00
2.171666666666667e+09 3.484484900135890e+01 -3.916585070984272e+00
2.173333333333334e+09 3.494015842589191e+01 -3.845796618702590e+00
2.175000000000000e+09 3.503695295146593e+01 -3.779294356690396e+00
2.176666666666667e+09 3.513496641363858e+01 -3.717108542995232e+00
2.178333333333334e+09 3.523393329478125e+01 -3.659248482243909e+00
2.180000000000000e+09 3.533359071217109e+01 -3.605702865883525e+00
2.181666666666667e+09 3.543368031142969e+01 -3.556440303001072e+00
2.183333333333334e+09 3.553395008015443e+01 -3.511410019471401e+00
2.185000000000000e+09 3.563415608616976e+01 -3.470542737864711e+00
2.186666666666667e+09 3.573406411158498e+01 -3.433751756813449e+00
2.188333333333334e+09 3.583345113214993e+01 -3.400934223401210e+00
2.190000000000000e+09 3.593210659930606e+01 -3.371972561336831e+00
2.191666666666667e+09 3.602983350744743e+01 -3.346736006598919e+00
2.193333333333334e+09 3.612644924638118e+01 -3.325082211078499e+00
2.195000000000000e+09 3.622178624008629e+01 -3.306858883760480e+00
2.196666666666667e+09 3.631569237187712e+01 -3.291905434921918e+00
2.198333333333334e+09 3.640803120934540e+01 -3.280054581701508e+00
2.200000000000000e+09 3.649868206469757e+01 -3.271133883648415e+00
2.201666666666667e+09 3.658753993279939e+01 -3.264967207387169e+00
2.203333333333334e+09 3.667451532488594e+01 -3.261376145637096e+00
2.205000000000000e+09 3.675953397737033e+01 -3.260181408238221e+00
2.206666666666667e+09 3.684253640074466e+01 -3.261204161578338e+00
2.208333333333334e+09 3.692347726500569e+01 -3.264267254641478e+00
2.210000000000000e+09 3.700232467331669e+01 -3.269196275987100e+00
2.211666666666667e+09 3.707905940444351e+01 -3.275820439351463e+00
2.213333333333334e+09 3.715367417592777e+01 -3.283973352449398e+00
2.215000000000000e+09 3.722617291597373e+01 -3.293493731863183e+00
2.216666666666667e+09 3.729656999088454e+01 -3.304226077501034e+00
2.218333333333334e+09 3.736488935639338e+01 -3.316021259440545e+00
2.220000000000000e+09 3.743116366597002e+01 -3.328736958012074e+00
2.221666666666667e+09 3.749543341411312e+01 -3.342237949776888e+00
2.223333333333334e+09 3.755774617101613e+01 -3.356396300343991e+00
2.225000000000000e+09 3.761815589339388e+01 -3.371091543633499e+00
2.226666666666667e+09 3.767672224134995e+01 -3.386210875688093e+00
2.228333333333334e+09 3.773350984623846e+01 -3.401649316795717e+00
2.230000000000000e+09 3.778858754645362e+01 -3.417309770046012e+00
2.231666666666667e+09 3.784202766774553e+01 -3.433102953868703e+00
2.233333333333334e+09 3.789390541267711e+01 -3.448947264360677e+00
2.235000000000000e+09 3.794429834899013e+01 -3.464768654312151e+00
2.236666666666667e+09 3.799328591963068e+01 -3.480500567479069e+00
2.238333333333334e+09 3.804094890322810e+01 -3.496083883010875e+00
2.240000000000000e+09 3.808736882909071e+01 -3.511466785825443e+00
2.241666666666667e+09 3.813262742435825e+01 -3.526604523011027e+00
2.243333333333334e+09 3.817680617180859e+01 -3.541459093454200e+00
2.245000000000000e+09 3.821998598218136e+01 -3.555998965379015e+00
2.246666666666667e+09 3.826224690390544e+01 -3.570198878296812e+00
2.248333333333334e+09 3.830366778163703e+01 -3.584039696582755e+00
2.250000000000000e+09 3.834432584372426e+01 -3.597508224151948e+00
2.251666666666667e+09 3.838429628346694e+01 -3.610596916108129e+00
2.253333333333334e+09 3.842365192190559e+01 -3.623303507352714e+00
2.255000000000000e+09 3.846246298233906e+01 -3.635630640874242e+00
2.256666666666667e+09 3.850079692545783e+01 -3.647585563434007e+00
2.258333333333334e+09 3.853871826481450e+01 -3.659179881779402e+00
2.260000000000000e+09 3.857628832900247e+01 -3.670429310923138e+00
2.261666666666667e+09 3.861356501089750e+01 -3.681353353683499e+00
2.263333333333334e+09 3.865060257454336e+01 -3.691974915479320e+00
2.265000000000000e+09 3.868745155149794e+01 -3.702319915096667e+00
2.266666666666667e+09 3.872415869258509e+01 -3.712416947533830e+00
2.268333333333334e+09 3.876076691308251e+01 -3.722296998005950e+00
2.270000000000000e+09 3.879731520361584e+01 -3.731993155515064e+00
2.271666666666667e+09 3.883383853791111e+01 -3.741540278886926e+00
2.273333333333334e+09 3.887036783286752e+01 -3.750974619787072e+00
2.275000000000000e+09 3.890692998464230e+01 -3.760333452260074e+00
2.276666666666667e+09 3.894354795159297e+01 -3.769654752912357e+00
2.278333333333334e+09 3.898024083492805e+01 -3.778976928958806e+00
2.280000000000000e+09 3.901702393842558e+01 -3.788338553076526e+00
2.281666666666667e+09 3.905390883502570e+01 -3.797778073053423e+00
2.283333333333334e+09 3.909090348077979e+01 -3.807333508768258e+00
2.285000000000000e+09 3.912801238264347e+01 -3.817042180323550e+00
2.286666666666667e+09 3.916523678262619e+01 -3.826940494749359e+00
2.288333333333334e+09 3.920257481489133e+01 -3.837063770676158e+00
2.290000000000000e+09 3.924002163358887e+01 -3.847446051280793e+00
2.291666666666667e+09 3.927756955688634e+01 -3.858119878732000e+00
2.293333333333334e+09 3.931520827698271e+01 -3.869116058896444e+00
2.295000000000000e+09 3.935292513828729e+01 -3.880463479011766e+00
2.296666666666667e+09 3.939070542983821e+01 -3.892189017810221e+00
2.298333333333334e+09 3.942853262698036e+01 -3.904317526278330e+00
2.300000000000000e+09 3.946638856313933e+01 -3.916871814230603e+00
2.301666666666667e+09 3.950425357303926e+01 -3.929872592753429e+00
2.303333333333334e+09 3.954210666849388e+01 -3.943338380305821e+00
2.305000000000000e+09 3.957992577078981e+01 -3.957285426274987e+00
2.306666666666667e+09 3.961768796726331e+01 -3.971727698669957e+00
2.308333333333334e+09 3.965536973756861e+01 -3.986676932836462e+00
2.310000000000000e+09 3.969294712537488e+01 -4.002142695631798e+00
2.311666666666667e+09 3.973039588093940e+01 -4.018132424280425e+00
2.313333333333334e+09 3.976769161947585e+01 -4.034651443018940e+00
2.315000000000000e+09 3.980481001224718e+01 -4.051702997874796e+00
2.316666666666667e+09 3.984172698206279e+01 -4.069288343639566e+00
2.318333333333334e+09 3.987841885845162e+01 -4.087406875168733e+00
2.320000000000000e+09 3.991486247564811e+01 -4.106056260511154e+00
2.321666666666667e+09 3.995103523972582e+01 -4.125232540105655e+00
2.323333333333334e+09 3.998691520649481e+01 -4.144930196020336e+00
2.325000000000000e+09 4.002248118559558e+01 -4.165142227049049e+00
2.326666666666667e+09 4.005771284703614e+01 -4.185860258089689e+00
2.328333333333334e+09 4.009259079487558e+01 -4.207074675220603e+00
2.330000000000000e+09 4.012709659988214e+01 -4.228774751043236e+00
2.331666666666667e+09 4.016121281926026e+01 -4.250948736766063e+00
2.333333333333334e+09 4.019492303761724e+01 -4.273583935914808e+00
2.335000000000000e+09 4.022821193098919e+01 -4.296666798577662e+00
2.336666666666667e+09 4.026106531733352e+01 -4.320183057122411e+00
2.338333333333334e+09 4.029347015356225e+01 -4.344117879452197e+00
2.340000000000000e+09 4.032541447852545e+01 -4.368455988551209e+00
2.341666666666667e+09 4.035688734790946e+01 -4.393181717495626e+00
2.343333333333334e+09 4.038787881510033e+01 -4.418279021949744e+00
2.345000000000000e+09 4.041837997058635e+01 -4.443731509220344e+00
2.346666666666667e+09 4.044838299715169e+01 -4.469522528370494e+00
2.348333333333334e+09 4.047788117921803e+01 -4.495635310896327e+00
2.350000000000000e+09 4.050686884005173e+01 -4.522053104895708e+00
2.351666666666667e+09 4.053534123864260e+01 -4.548759249072270e+00
2.353333333333334e+09 4.056329448705014e+01 -4.575737182370142e+00
2.355000000000000e+09 4.059072552442747e+01 -4.602970435307477e+00
2.356666666666667e+09 4.061763213008930e+01 -4.630442655827554e+00
2.358333333333334e+09 4.064401292443640e+01 -4.658137682371135e+00
2.360000000000000e+09 4.066986732182907e+01 -4.686039628922864e+00
2.361666666666667e+09 4.069519544653351e+01 -4.714132934806246e+00
2.363333333333334e+09 4.071999805659274e+01 -4.742402364567421e+00
2.365000000000000e+09 4.074427651079716e+01 -4.770832987755978e+00
2.366666666666667e+09 4.076803277208128e+01 -4.799410183148995e+00
2.368333333333334e+09 4.079126940693363e+01 -4.828119684891276e+00
2.370000000000000e+09 4.081398954527207e+01 -4.856947646068986e+00
2.371666666666667e+09 4.083619680234349e+01 -4.885880677356548e+00
2.373333333333334e+09 4.085789519826668e+01 -4.914905839417609e+00
2.375000000000000e+09 4.087908911153988e+01 -4.944010606425808e+00
2.376666666666667e+09 4.089978327204400e+01 -4.973182838809228e+00
2.378333333333334e+09 4.091998276654175e+01 -5.002410789376184e+00
2.380000000000000e+09 4.093969302423687e+01 -5.031683134009215e+00
2.381666666666667e+09 4.095891977341685e+01 -5.060988997280292e+00
2.383333333333334e+09 4.097766898834072e+01 -5.090317951805819e+00
2.385000000000000e+09 4.099594685237699e+01 -5.119659996879231e+00
2.386666666666667e+09 4.101375974493101e+01 -5.149005540387679e+00
2.388333333333334e+09 4.103111423547742e+01 -5.178345401791944e+00
2.390000000000000e+09 4.104801706104485e+01 -5.207670830643905e+00
2.391666666666667e+09 4.106447507931532e+01 -5.236973517202610e+00
2.393333333333334e+09 4.108049521278922e+01 -5.266245574993661e+00
2.395000000000000e+09 4.109608440992916e+01 -5.295479495674361e+00
2.396666666666667e+09 4.111124963946459e+01 -5.324668096466818e+00
2.398333333333334e+09 4.112599791375187e+01 -5.353804485072081e+00
2.400000000000000e+09 4.114033632179881e+01 -5.382882055899961e+00
2.401666666666667e+09 4.115427205009735e+01 -5.411894515198198e+00
2.403333333333334e+09 4.116781237688372e+01 -5.440835920969514e+00
2.405000000000000e+09 4.118096463602760e+01 -5.469700718979437e+00
2.406666666666667e+09 4.119373615750113e+01 -5.498483756683242e+00
2.408333333333334e+09 4.120613420188678e+01 -5.527180262764857e+00
2.410000000000000e+09 4.121816591325451e+01 -5.555785793328922e+00
2.411666666666667e+09 4.122983831041400e+01 -5.584296164023653e+00
2.413333333333334e+09 4.124115831720774e+01 -5.612707399116236e+00
2.415000000000000e+09 4.125213280743500e+01 -5.641015720872717e+00
2.416666666666667e+09 4.126276862867858e+01 -5.669217575283073e+00
2.418333333333334e+09 4.127307258549362e+01 -5.697309661962466e+00
2.420000000000000e+09 4.128305139754150e+01 -5.725288932164576e+00
2.421666666666667e+09 4.129271167343828e+01 -5.753152547596020e+00
2.423333333333334e+09 4.130205993051003e+01 -5.780897832849251e+00
2.425000000000000e+09 4.131110264769136e+01 -5.808522268917513e+00
2.426666666666667e+09 4.131984629908850e+01 -5.836023544759619e+00
2.428333333333334e+09 4.132829731908443e+01 -5.863399628458756e+00
2.430000000000000e+09 4.133646200257975e+01 -5.890648787540673e+00
2.431666666666667e+09 4.134434640661762e+01 -5.917769515135858e+00
2.433333333333334e+09 4.135195633595140e+01 -5.944760391927284e+00
2.435000000000000e+09 4.135929744155494e+01 -5.971619975530662e+00
2.436666666666667e+09 4.136637537330166e+01 -5.998346802742023e+00
2.438333333333334e+09 4.137319587686394e+01 -6.024939511671439e+00
2.440000000000000e+09 4.137976475773511e+01 -6.051396998038003e+00
2.441666666666667e+09 4.138608773241289e+01 -6.077718488503856e+00
2.443333333333334e+09 4.139217027277307e+01 -6.103903473378116e+00
2.445000000000000e+09 4.139801755454000e+01 -6.129951546726076e+00
2.446666666666667e+09 4.140363453942039e+01 -6.155862269505102e+00
2.448333333333334e+09 4.140902611883142e+01 -6.181635147016897e+00
2.450000000000000e+09 4.141419720730720e+01 -6.207269717915520e+00
2.451666666666667e+09 4.141915272466740e+01 -6.232765667319469e+00
2.453333333333334e+09 4.142389750060070e+01 -6.258122869307990e+00
2.455000000000000e+09 4.142843619247847e+01 -6.283341334048440e+00
2.456666666666667e+09 4.143277328286347e+01 -6.308421116814186e+00
2.458333333333334e+09 4.143691314600299e+01 -6.333362269748532e+00
2.460000000000000e+09 4.144086011454826e+01 -6.358164868278595e+00
2.461666666666667e+09 4.144461848767005e+01 -6.382829073327326e+00
2.463333333333334e+09 4.144819248342478e+01 -6.407355163726213e+00
2.465000000000000e+09 4.145158618970755e+01 -6.431743510317494e+00
2.466666666666667e+09 4.145480356214246e+01 -6.455994523141988e+00
2.468333333333334e+09 4.145784846453487e+01 -6.480108626186900e+00
2.470000000000000e+09 4.146072470348543e+01 -6.504086280240743e+00
2.471666666666667e+09 4.146343601755676e+01 -6.527928020614749e+00
2.473333333333334e+09 4.146598603286603e+01 -6.551634458914186e+00
2.475000000000000e+09 4.146837823749216e+01 -6.575206235643050e+00
2.476666666666667e+09 4.147061601330666e+01 -6.598643965771804e+00
2.478333333333334e+09 4.147270270644718e+01 -6.621948235575955e+00
2.480000000000000e+09 4.147464167224143e+01 -6.645119665841045e+00
2.481666666666667e+09 4.147643624388520e+01 -6.668158992000019e+00
2.483333333333334e+09 4.147808963864855e+01 -6.691067087085555e+00
2.485000000000000e+09 4.147960487378356e+01 -6.713844894838014e+00
2.486666666666667e+09 4.148098476316342e+01 -6.736493313680137e+00
2.488333333333334e+09 4.148223200451406e+01 -6.759013113882712e+00
2.490000000000000e+09 4.148334929836930e+01 -6.781404945059030e+00
2.491666666666667e+09 4.148433942054154e+01 -6.803669422932761e+00
2.493333333333334e+09 4.148520521113521e+01 -6.825807231647313e+00
2.495000000000000e+09 4.148594950447089e+01 -6.847819180055064e+00
2.496666666666667e+09 4.148657505436551e+01 -6.869706195798412e+00
2.498333333333334e+09 4.148708449196980e+01 -6.891469284082165e+00
2.500000000000000e+09 4.148748031625932e+01 -6.913109485261846e+00
2.501666666666667e+09 4.148776489832321e+01 -6.934627843029259e+00
2.503333333333334e+09 4.148794049054348e+01 -6.956025375424277e+00
2.505000000000000e+09 4.148800924877391e+01 -6.977303045102772e+00
2.506666666666667e+09 4.148797327411535e+01 -6.998461742715416e+00
2.508333333333334e+09 4.148783466081142e+01 -7.019502301379890e+00
2.510000000000000e+09 4.148759552235035e+01 -7.040425540822769e+00
2.511666666666667e+09 4.148725797884774e+01 -7.061232314902739e+00
2.513333333333334e+09 4.148682411733470e+01 -7.081923532359204e+00
2.515000000000000e+09 4.148629595517242e+01 -7.102500142803170e+00
2.516666666666667e+09 4.148567542818861e+01 -7.122963106163834e+00
2.518333333333334e+09 4.148496440086417e+01 -7.143313369021227e+00
2.520000000000000e+09 4.148416468247962e+01 -7.163551855003641e+00
2.521666666666667e+09 4.148327804151464e+01 -7.183679461592041e+00
2.523333333333334e+09 4.148230622396344e+01 -7.203697060492781e+00
2.525000000000000e+09 4.148125097651629e+01 -7.223605513390495e+00
2.526666666666667e+09 4.148011405447700e+01 -7.243405712220054e+00
2.528333333333334e+09 4.147889718677958e+01 -7.263098623995739e+00
2.530000000000000e+09 4.147760200060947e+01 -7.282685292879087e+00
2.531666666666667e+09 4.147622995847986e+01 -7.302166767512873e+00
2.533333333333334e+09 4.147478237827240e+01 -7.321543984728843e+00
2.535000000000000e+09 4.147326055518625e+01 -7.340817700723091e+00
2.536666666666667e+09 4.147166591198237e+01 -7.359988550638282e+00
2.538333333333334e+09 4.147000005233149e+01 -7.379057223364950e+00
2.540000000000000e+09 4.146826464515106e+01 -7.398024629180503e+00
2.541666666666667e+09 4.146646120087955e+01 -7.416891914929447e+00
2.543333333333334e+09 4.146459090643144e+01 -7.435660284770215e+00
2.545000000000000e+09 4.146265466271781e+01 -7.454330742412804e+00
2.546666666666667e+09 4.146065331867736e+01 -7.472903950391297e+00
2.548333333333334e+09 4.145858793524129e+01 -7.491380324398622e+00
2.550000000000000e+09 4.145645987905921e+01 -7.509760299076287e+00
2.551666666666667e+09 4.145427067553651e+01 -7.528044564069623e+00
2.553333333333334e+09 4.145202174046720e+01 -7.546234093265823e+00
2.555000000000000e+09 4.144971420134419e+01 -7.564329957995396e+00
2.556666666666667e+09 4.144734893743026e+01 -7.582333085730102e+00
2.558333333333334e+09 4.144492678455168e+01 -7.600244157349784e+00
2.560000000000000e+09 4.144244872293098e+01 -7.618063707917604e+00
2.561666666666667e+09 4.143991589758044e+01 -7.635792323876354e+00
2.563333333333334e+09 4.143732947404533e+01 -7.653430760431714e+00
2.565000000000000e+09 4.143469046977219e+01 -7.670979886715579e+00
2.566666666666667e+09 4.143199970903368e+01 -7.688440519800880e+00
2.568333333333334e+09 4.142925793272359e+01 -7.705813296737776e+00
2.570000000000000e+09 4.142646596316679e+01 -7.723098689609682e+00
2.571666666666667e+09 4.142362478825851e+01 -7.740297143326218e+00
2.573333333333334e+09 4.142073550603885e+01 -7.757409221423851e+00
2.575000000000000e+09 4.141779918299200e+01 -7.774435652454436e+00
2.576666666666667e+09 4.141481673400273e+01 -7.791377256059002e+00
2.578333333333334e+09 4.141178889917389e+01 -7.808234813157151e+00
2.580000000000000e+09 4.140871631640216e+01 -7.825008967732243e+00
2.581666666666667e+09 4.140559963258273e+01 -7.841700209953773e+00
2.583333333333334e+09 4.140243958898392e+01 -7.858308935560753e+00
2.585000000000000e+09 4.139923704260761e+01 -7.874835541354710e+00
2.586666666666667e+09 4.139599291876251e+01 -7.891280507386279e+00
2.588333333333334e+09 4.139270811960900e+01 -7.907644423945629e+00
2.590000000000000e+09 4.138938343746542e+01 -7.923927944084057e+00
2.591666666666667e+09 4.138601952874411e+01 -7.940131682442945e+00
2.593333333333334e+09 4.138261697601386e+01 -7.956256123093834e+00
2.595000000000000e+09 4.137917640493676e+01 -7.972301606813915e+00
2.596666666666667e+09 4.137569857137387e+01 -7.988268418322114e+00
2.598333333333334e+09 4.137218434418600e+01 -8.004156913062255e+00
2.600000000000000e+09 4.136863458891509e+01 -8.019967579775582e+00
2.601666666666667e+09 4.136505004610474e+01 -8.035700979332272e+00
2.603333333333334e+09 4.136143131220748e+01 -8.051357605776282e+00
2.605000000000000e+09 4.135777894613283e+01 -8.066937790112622e+00
2.606666666666667e+09 4.135409361006077e+01 -8.082441735465430e+00
2.608333333333334e+09 4.135037611677328e+01 -8.097869653774669e+00
2.610000000000000e+09 4.134662733957268e+01 -8.113221876850099e+00
2.611666666666667e+09 4.134284807190849e+01 -8.128498835144530e+00
2.613333333333334e+09 4.133903897622594e+01 -8.143700923861196e+00
2.615000000000000e+09 4.133520067821143e+01 -8.158828389444984e+00
2.616666666666667e+09 4.133133391817417e+01 -8.173881355939969e+00
2.618333333333334e+09 4.132743960693888e+01 -8.188859975510535e+00
2.620000000000000e+09 4.132351871960395e+01 -8.203764558620698e+00
2.621666666666667e+09 4.131957212073858e+01 -8.218595547310422e+00
2.623333333333334e+09 4.131560049320975e+01 -8.233353341555786e+00
2.625000000000000e+09 4.131160445527489e+01 -8.248038137156350e+00
2.626666666666667e+09 4.130758477226311e+01 -8.262649936598621e+00
2.628333333333334e+09 4.130354246976914e+01 -8.277188739506188e+00
2.630000000000000e+09 4.129947873621683e+01 -8.291654748384158e+00
2.631666666666667e+09 4.129539469470465e+01 -8.306048402469969e+00
2.633333333333334e+09 4.129129124805699e+01 -8.320370205174427e+00
2.635000000000000e+09 4.128716913785233e+01 -8.334620499151072e+00
2.636666666666667e+09 4.128302916430700e+01 -8.348799391111491e+00
2.638333333333334e+09 4.127887236955313e+01 -8.362906890954250e+00
2.640000000000000e+09 4.127470002524962e+01 -8.376943135836621e+00
2.641666666666667e+09 4.127051344713497e+01 -8.390908499559568e+00
2.643333333333334e+09 4.126631381212810e+01 -8.404803501366763e+00
2.645000000000000e+09 4.126210213887698e+01 -8.418628613111860e+00
2.646666666666667e+09 4.125787943341734e+01 -8.432384145971850e+00
2.648333333333334e+09 4.125364685419038e+01 -8.446070308990478e+00
2.650000000000000e+09 4.124940575018872e+01 -8.459687367302067e+00
2.651666666666667e+09 4.124515756000223e+01 -8.473235747400876e+00
2.653333333333334e+09 4.124090368947260e+01 -8.486716007856161e+00
2.655000000000000e+09 4.123664548840537e+01 -8.500128734056231e+00
2.656666666666667e+09 4.123238433203488e+01 -8.513474482749022e+00
2.658333333333334e+09 4.122812170417337e+01 -8.526753836982852e+00
2.660000000000000e+09 4.122385918441004e+01 -8.539967510410952e+00
2.661666666666667e+09 4.121959834806160e+01 -8.553116388768119e+00
2.663333333333334e+09 4.121534068089014e+01 -8.566201464104276e+00
2.665000000000000e+09 4.121108759597833e+01 -8.579223729816542e+00
2.666666666666667e+09 4.120684053612846e+01 -8.592184145582014e+00
2.668333333333334e+09 4.120260105967567e+01 -8.605083711725030e+00
2.670000000000000e+09 4.119837082549921e+01 -8.617923585816046e+00
2.671666666666667e+09 4.119415149217781e+01 -8.630705137755712e+00
2.673333333333334e+09 4.118994462469304e+01 -8.643429905484348e+00
2.675000000000000e+09 4.118575168414244e+01 -8.656099510563328e+00
2.676666666666667e+09 4.118157408621011e+01 -8.668715623273807e+00
2.678333333333334e+09 4.117741324734673e+01 -8.681280005528818e+00
2.680000000000000e+09 4.117327055917038e+01 -8.693794575647090e+00
2.681666666666667e+09 4.116914731315158e+01 -8.706261419662413e+00
2.683333333333334e+09 4.116504465075057e+01 -8.718682735477760e+00
2.685000000000000e+09 4.116096358428340e+01 -8.731060770138701e+00
2.686666666666667e+09 4.115690505512763e+01 -8.743397817637447e+00
2.688333333333334e+09 4.115286995348966e+01 -8.755696278206052e+00
2.690000000000000e+09 4.114885906342420e+01 -8.767958711334156e+00
2.691666666666667e+09 4.114487297689068e+01 -8.780187817591429e+00
2.693333333333334e+09 4.114091205641044e+01 -8.792386357520295e+00
2.695000000000000e+09 4.113697647741974e+01 -8.804557083497567e+00
2.696666666666667e+09 4.113306629659828e+01 -8.816702750046883e+00
2.698333333333334e+09 4.112918145941448e+01 -8.828826186191288e+00
2.700000000000000e+09 4.112532171733692e+01 -8.840930341718360e+00
2.701666666666667e+09 4.112148651984268e+01 -8.853018233489369e+00
2.703333333333334e+09 4.111767498397850e+01 -8.865092810656066e+00
2.705000000000000e+09 4.111388598191898e+01 -8.877156841671015e+00
2.706666666666667e+09 4.111011827820596e+01 -8.889212917227317e+00
2.708333333333334e+09 4.110637059523849e+01 -8.901263563186882e+00
2.710000000000000e+09 4.110264154222540e+01 -8.913311355139049e+00
2.711666666666667e+09 4.109892946256304e+01 -8.925358916579283e+00
2.713333333333334e+09 4.109523233091849e+01 -8.937408778411186e+00
2.715000000000000e+09 4.109154779483565e+01 -8.949463195744274e+00
2.716666666666667e+09 4.108787333728942e+01 -8.961524055066150e+00
2.718333333333334e+09 4.108420643934690e+01 -8.973592929180708e+00
2.720000000000000e+09 4.108054462864908e+01 -8.985671216076152e+00
2.721666666666667e+09 4.107688540035743e+01 -8.997760235646911e+00
2.723333333333334e+09 4.107322610245162e+01 -9.009861204313953e+00
2.725000000000000e+09 4.106956389811206e+01 -9.021975116215504e+00
2.726666666666667e+09 4.106589584329342e+01 -9.034102634687905e+00
2.728333333333334e+09 4.106221901867449e+01 -9.046244078928085e+00
2.730000000000000e+09 4.105853061788829e+01 -9.058399502878725e+00
2.731666666666667e+09 4.105482794384586e+01 -9.070568788344159e+00
2.733333333333334e+09 4.105110834982545e+01 -9.082751675289311e+00
2.735000000000000e+09 4.104736920424249e+01 -9.094947720172133e+00
2.736666666666667e+09 4.104360792482888e+01 -9.107156240927228e+00
2.738333333333334e+09 4.103982205675062e+01 -9.119376314081103e+00
2.740000000000000e+09 4.103600932837313e+01 -9.131606834796887e+00
2.741666666666667e+09 4.103216764322713e+01 -9.143846589904438e+00
2.743333333333334e+09 4.102829502963214e+01 -9.156094284377444e+00
2.745000000000000e+09 4.102438960910642e+01 -9.168348509614704e+00
2.746666666666667e+09 4.102044962451583e+01 -9.180607699629947e+00
2.748333333333334e+09 4.101647350978535e+01 -9.192870133932573e+00
2.750000000000000e+09 4.101245994159630e+01 -9.205134002568087e+00
2.751666666666667e+09 4.100840782823483e+01 -9.217397491260769e+00
2.753333333333334e+09 4.100431624675812e+01 -9.229658826750525e+00
2.755000000000000e+09 4.100018438390888e+01 -9.241916259806047e+00
2.756666666666667e+09 4.099601152813963e+01 -9.254168019750443e+00
2.758333333333334e+09 4.099179710903751e+01 -9.266412296755757e+00
2.760000000000000e+09 4.098754073553088e+01 -9.278647276965497e+00
2.761666666666667e+09 4.098324218763842e+01 -9.290871201909022e+00
2.763333333333334e+09 4.097890136365902e+01 -9.303082399311464e+00
2.765000000000000e+09 4.097451822951479e+01 -9.315279260233796e+00
2.766666666666667e+09 4.097009281613735e+01 -9.327460190329278e+00
2.768333333333334e+09 4.096562526480178e+01 -9.339623589892311e+00
2.770000000000000e+09 4.096111587276017e+01 -9.351767891995221e+00
2.771666666666667e+09 4.095656508778065e+01 -9.363891633613520e+00
2.773333333333334e+09 4.095197344442755e+01 -9.375993501928802e+00
2.775000000000000e+09 4.094734148662886e+01 -9.388072317418418e+00
2.776666666666667e+09 4.094266973309053e+01 -9.400126968967829e+00
2.778333333333334e+09 4.093795870458206e+01 -9.412156355239480e+00
2.780000000000000e+09 4.093320898025937e+01 -9.424159376932931e+00
2.781666666666667e+09 4.092842123055416e+01 -9.436134977813721e+00
2.783333333333334e+09 4.092359620135379e+01 -9.448082192564440e+00
2.785000000000000e+09 4.091873466950652e+01 -9.460000161075461e+00
2.786666666666667e+09 4.091383741064814e+01 -9.471888105587171e+00
2.788333333333334e+09 4.090890520091192e+01 -9.483745301329664e+00
2.790000000000000e+09 4.090393883748988e+01 -9.495571071540876e+00
2.791666666666667e+09 4.089893914613823e+01 -9.507364808010147e+00
2.793333333333334e+09 4.089390696062303e+01 -9.519125990965145e+00
2.795000000000000e+09 4.088884308943025e+01 -9.530854183860701e+00
2.796666666666667e+09 4.088374829721770e+01 -9.542549004674528e+00
2.798333333333334e+09 4.087862331226093e+01 -9.554210097004066e+00
2.800000000000000e+09 4.087346884615300e+01 -9.565837120169528e+00
2.801666666666667e+09 4.086828560515804e+01 -9.577429755153094e+00
2.803333333333334e+09 4.086307428887054e+01 -9.588987708878529e+00
2.805000000000000e+09 4.085783559008312e+01 -9.600510708634403e+00
2.806666666666667e+09 4.085257020719153e+01 -9.611998498714287e+00
2.808333333333334e+09 4.084727885903494e+01 -9.623450856162151e+00
2.810000000000000e+09 4.084196227778655e+01 -9.634867622121549e+00
2.811666666666667e+09 4.083662116968880e+01 -9.646248720164976e+00
2.813333333333334e+09 4.083125616667178e+01 -9.657594133674131e+00
2.815000000000000e+09 4.082586781015199e+01 -9.668903847412945e+00
2.816666666666667e+09 4.082045658735374e+01 -9.680177794829314e+00
2.818333333333334e+09 4.081502299471475e+01 -9.691415854129012e+00
2.820000000000000e+09 4.080956757561921e+01 -9.702617895324785e+00
2.821666666666667e+09 4.080409090120965e+01 -9.713783833134720e+00
2.823333333333334e+09 4.079859351728292e+01 -9.724913633931473e+00
2.825000000000000e+09 4.079307591558161e+01 -9.736007270128937e+00
2.826666666666667e+09 4.078753856591364e+01 -9.747064671669497e+00
2.828333333333334e+09 4.078198198227895e+01 -9.758085734773989e+00
2.830000000000000e+09 4.077640675173058e+01 -9.769070395774438e+00
2.831666666666667e+09 4.077081347780643e+01 -9.780018707462460e+00
2.833333333333334e+09 4.076520266818624e+01 -9.790930835928892e+00
2.835000000000000e+09 4.075957465975147e+01 -9.801806954986368e+00
2.836666666666667e+09 4.075392965934266e+01 -9.812647107483601e+00
2.838333333333334e+09 4.074826788830575e+01 -9.823451145453362e+00
2.840000000000000e+09 4.074258972723923e+01 -9.834218808694953e+00
2.841666666666667e+09 4.073689574648805e+01 -9.844949891504498e+00
2.843333333333334e+09 4.073118659370251e+01 -9.855644371893847e+00
2.845000000000000e+09 4.072546282352785e+01 -9.866302403709339e+00
2.846666666666667e+09 4.071972480036666e+01 -9.876924180620945e+00
2.848333333333334e+09 4.071397274390484e+01 -9.887509781464605e+00
2.850000000000000e+09 4.070820687109877e+01 -9.898059114845230e+00
2.851666666666667e+09 4.070242751620822e+01 -9.908571992975959e+00
2.853333333333334e+09 4.069663514064882e+01 -9.919048258658984e+00
2.855000000000000e+09 4.069083024528344e+01 -9.929487856045787e+00
2.856666666666667e+09 4.068501327767124e+01 -9.939890798953590e+00
2.858333333333334e+09 4.067918461698931e+01 -9.950257087729344e+00
2.860000000000000e+09 4.067334463452964e+01 -9.960586666819816e+00
2.861666666666667e+09 4.066749375054965e+01 -9.970879464696292e+00
2.863333333333334e+09 4.066163241283652e+01 -9.981135465942943e+00
2.865000000000000e+09 4.065576100552131e+01 -9.991354721953289e+00
2.866666666666667e+09 4.064987978004282e+01 -1.000153725782754e+01
2.868333333333334e+09 4.064398890081989e+01 -1.001168293663771e+01
2.870000000000000e+09 4.063808860575534e+01 -1.002179140319436e+01
2.871666666666667e+09 4.063217937211758e+01 -1.003186218412362e+01
2.873333333333334e+09 4.062626195063288e+01 -1.004189489754559e+01
2.875000000000000e+09 4.062033721956538e+01 -1.005188942496911e+01
2.876666666666667e+09 4.061440595151405e+01 -1.006184591030272e+01
2.878333333333334e+09 4.060846866376554e+01 -1.007176457640062e+01
2.880000000000000e+09 4.060252566815699e+01 -1.008164549269250e+01
2.881666666666667e+09 4.059657728482844e+01 -1.009148847170385e+01
2.883333333333334e+09 4.059062405411136e+01 -1.010129317626981e+01
2.885000000000000e+09 4.058466677823522e+01 -1.011105935431718e+01
2.886666666666667e+09 4.057870635637516e+01 -1.012078701451139e+01
2.888333333333334e+09 4.057274354107628e+01 -1.013047639893061e+01
2.890000000000000e+09 4.056677881021150e+01 -1.014012776771915e+01
2.891666666666667e+09 4.056081246129449e+01 -1.014974116079827e+01
2.893333333333334e+09 4.055484486134183e+01 -1.015931632304737e+01
2.895000000000000e+09 4.054887666303387e+01 -1.016885285338602e+01
2.896666666666667e+09 4.054290882444006e+01 -1.017835046442274e+01
2.898333333333334e+09 4.053694242367266e+01 -1.018780915610005e+01
2.900000000000000e+09 4.053097841757663e+01 -1.019722917932088e+01
2.901666666666667e+09 4.052501752927908e+01 -1.020661083312153e+01
2.903333333333334e+09 4.051906033788647e+01 -1.021595426489914e+01
2.905000000000000e+09 4.051310747996483e+01 -1.022525942770026e+01
2.906666666666667e+09 4.050715979164843e+01 -1.023452621036456e+01
2.908333333333334e+09 4.050121828458539e+01 -1.024375461479263e+01
2.910000000000000e+09 4.049528399727416e+01 -1.025294482757502e+01
2.911666666666667e+09 4.048935786618839e+01 -1.026209713741666e+01
2.913333333333334e+09 4.048344073261534e+01 -1.027121178933330e+01
2.915000000000000e+09 4.047753347223401e+01 -1.028028891862327e+01
2.916666666666667e+09 4.047163712250300e+01 -1.028932862991083e+01
2.918333333333334e+09 4.046575288681511e+01 -1.029833115250989e+01
2.920000000000000e+09 4.045988200734576e+01 -1.030729693442460e+01
2.921666666666667e+09 4.045402561653025e+01 -1.031622659371047e+01
2.923333333333334e+09 4.044818469401772e+01 -1.032512077414383e+01
2.925000000000000e+09 4.044236015890344e+01 -1.033398003515028e+01
2.926666666666667e+09 4.043655300635702e+01 -1.034280487026347e+01
2.928333333333334e+09 4.043076436280229e+01 -1.035159582961081e+01
2.930000000000000e+09 4.042499541337770e+01 -1.036035363002532e+01
2.931666666666667e+09 4.041924727332778e+01 -1.036907915368143e+01
2.933333333333334e+09 4.041352092248952e+01 -1.037777334279180e+01
2.935000000000000e+09 4.040781725847056e+01 -1.038643709286353e+01
2.936666666666667e+09 4.040213721240683e+01 -1.039507124357876e+01
2.938333333333334e+09 4.039648181637548e+01 -1.040367667188380e+01
2.940000000000000e+09 4.039085216188325e+01 -1.041225439789408e+01
2.941666666666667e+09 4.038524929259722e+01 -1.042080560822347e+01
2.943333333333334e+09 4.037967413184221e+01 -1.042933158467906e+01
2.945000000000000e+09 4.037412750449565e+01 -1.043783361583939e+01
2.946666666666667e+09 4.036861021751153e+01 -1.044631297911442e+01
2.948333333333334e+09 4.036312310788993e+01 -1.045477100533915e+01
2.950000000000000e+09 4.035766700401311e+01 -1.046320915387482e+01
2.951666666666667e+09 4.035224263644328e+01 -1.047162901692846e+01
2.953333333333334e+09 4.034685058640852e+01 -1.048003224510875e+01
2.955000000000000e+09 4.034149132212312e+01 -1.048842046764777e+01
2.956666666666667e+09 4.033616528305283e+01 -1.049679528779471e+01
2.958333333333334e+09 4.033087292092956e+01 -1.050515835843425e+01
2.960000000000000e+09 4.032561464673634e+01 -1.051351145969313e+01
2.961666666666667e+09 4.032039072678882e+01 -1.052185649329840e+01
2.963333333333334e+09 4.031520122563531e+01 -1.053019538734592e+01
2.965000000000000e+09 4.031004605268895e+01 -1.053852999398625e+01
2.966666666666667e+09 4.030492507061615e+01 -1.054686207326670e+01
2.968333333333334e+09 4.029983816239220e+01 -1.055519337595655e+01
2.970000000000000e+09 4.029478519165843e+01 -1.056352574311552e+01
2.971666666666667e+09 4.028976589287472e+01 -1.057186112310120e+01
2.973333333333334e+09 4.028477979549169e+01 -1.058020148570608e+01
2.975000000000000e+09 4.027982625336790e+01 -1.058854871241789e+01
2.976666666666667e+09 4.027490454794288e+01 -1.059690456460417e+01
2.978333333333334e+09 4.027001396108901e+01 -1.060527075432048e+01
2.980000000000000e+09 4.026515374310008e+01 -1.061364903986218e+01
2.981666666666667e+09 4.026032300569638e+01 -1.062204124102738e+01
2.983333333333334e+09 4.025552064763760e+01 -1.063044914605477e+01
2.985000000000000e+09 4.025074539366682e+01 -1.063887439017888e+01
2.986666666666667e+09 4.024599591906019e+01 -1.064731841872980e+01
2.988333333333334e+09 4.024127094610006e+01 -1.065578257035028e+01
2.990000000000000e+09 4.023656922076469e+01 -1.066426819981715e+01
2.991666666666667e+09 4.023188939083636e+01 -1.067277671729954e+01
2.993333333333334e+09 4.022722990420834e+01 -1.068130949624595e+01
2.995000000000000e+09 4.022258903327847e+01 -1.068986772739294e+01
2.996666666666667e+09 4.021796501582189e+01 -1.069845235300473e+01
2.998333333333334e+09 4.021335619107658e+01 -1.070706414650455e+01
3.000000000000000e+09 4.020876100809942e+01 -1.071570386894478e+01
