2.000000000000000e+09 -6.614251830164251e+00 -6.260819835804424e+00
2.001666666666667e+09 -6.694531649536274e+00 -6.253705758739328e+00
2.003333333333333e+09 -6.775910118045333e+00 -6.245717016750077e+00
2.005000000000000e+09 -6.858398324624414e+00 -6.236814514949681e+00
2.006666666666667e+09 -6.942006779787147e+00 -6.226957670797526e+00
2.008333333333333e+09 -7.026745343027283e+00 -6.216104403354395e+00
2.010000000000000e+09 -7.112623174186188e+00 -6.204211116085610e+00
2.011666666666667e+09 -7.199648689983968e+00 -6.191232653813766e+00
2.013333333333333e+09 -7.287829499912839e+00 -6.177122238704822e+00
2.015000000000000e+09 -7.377172311777545e+00 -6.161831408547669e+00
2.016666666666667e+09 -7.467682820434464e+00 -6.145309976946836e+00
2.018333333333333e+09 -7.559365602132915e+00 -6.127506014143149e+00
2.020000000000000e+09 -7.652224024086463e+00 -6.108365829337679e+00
2.021666666666667e+09 -7.746260157646794e+00 -6.087833937029077e+00
2.023333333333333e+09 -7.841474674091475e+00 -6.065853008449409e+00
2.025000000000000e+09 -7.937866712808612e+00 -6.042363826428423e+00
2.026666666666667e+09 -8.035433731523593e+00 -6.017305261807721e+00
2.028333333333333e+09 -8.134171358113196e+00 -5.990614272925892e+00
2.030000000000000e+09 -8.234073254830946e+00 -5.962225913157945e+00
2.031666666666667e+09 -8.335130987838211e+00 -5.932073330428050e+00
2.033333333333333e+09 -8.437333885319694e+00 -5.900087756762849e+00
2.035000000000000e+09 -8.540668874476308e+00 -5.866198500497325e+00
2.036666666666667e+09 -8.645120302829815e+00 -5.830332954558227e+00
2.038333333333333e+09 -8.750669756500338e+00 -5.792416621866855e+00
2.040000000000000e+09 -8.857295880327813e+00 -5.752373147382762e+00
2.041666666666667e+09 -8.964974190831745e+00 -5.710124348476036e+00
2.043333333333333e+09 -9.073676868650947e+00 -5.665590249377576e+00
2.045000000000000e+09 -9.183372528217095e+00 -5.618689136583936e+00
2.046666666666667e+09 -9.294025978657736e+00 -5.569337647582155e+00
2.048333333333333e+09 -9.405597994567566e+00 -5.517450887934538e+00
2.050000000000000e+09 -9.518045102212357e+00 -5.462942558076803e+00
2.051666666666667e+09 -9.631319367307420e+00 -5.405725075254023e+00
2.053333333333333e+09 -9.745368163266123e+00 -5.345709695339762e+00
2.055000000000000e+09 -9.860133911460704e+00 -5.282806656341110e+00
2.056666666666667e+09 -9.975553806543331e+00 -5.216925364121360e+00
2.058333333333333e+09 -1.009155955056684e+01 -5.147974622173489e+00
2.060000000000000e+09 -1.020807710982207e+01 -5.075862888383635e+00
2.061666666666667e+09 -1.032502648747622e+01 -5.000498539952918e+00
2.063333333333333e+09 -1.044232149275373e+01 -4.921790144030550e+00
2.065000000000000e+09 -1.055986949453258e+01 -4.839646750365399e+00
2.066666666666667e+09 -1.067757116624990e+01 -4.753978226208149e+00
2.068333333333333e+09 -1.079532024181222e+01 -4.664695640451913e+00
2.070000000000000e+09 -1.091300329798125e+01 -4.571711687525134e+00
2.071666666666667e+09 -1.103049956385343e+01 -4.474941137486079e+00
2.073333333333333e+09 -1.114768074871763e+01 -4.374301309083360e+00
2.075000000000000e+09 -1.126441088475396e+01 -4.269712574374919e+00
2.076666666666667e+09 -1.138054619359852e+01 -4.161098903321056e+00
2.078333333333333e+09 -1.149593499055006e+01 -4.048388444928991e+00
2.080000000000000e+09 -1.161041763064132e+01 -3.931514132054380e+00
2.081666666666667e+09 -1.172382648701761e+01 -3.810414302444664e+00
2.083333333333333e+09 -1.183598595087870e+01 -3.685033345645579e+00
2.085000000000000e+09 -1.194671245909765e+01 -3.555322396285858e+00
2.086666666666667e+09 -1.205581457675630e+01 -3.421240084338811e+00
2.088333333333333e+09 -1.216309316593351e+01 -3.282753326914902e+00
2.090000000000000e+09 -1.226834165135203e+01 -3.139838126141882e+00
2.091666666666667e+09 -1.237134636339379e+01 -2.992480343499697e+00
2.093333333333333e+09 -1.247188692603927e+01 -2.840676450383232e+00
2.095000000000000e+09 -1.256973667490962e+01 -2.684434283232972e+00
2.096666666666667e+09 -1.266466312562481e+01 -2.523773833572133e+00
2.098333333333333e+09 -1.275642853569503e+01 -2.358728074989159e+00
2.100000000000000e+09 -1.284479059409439e+01 -2.189343792954916e+00
2.101666666666667e+09 -1.292950323859080e+01 -2.015682368707060e+00
2.103333333333333e+09 -1.301031756971673e+01 -1.837820486080253e+00
2.105000000000000e+09 -1.308698282621001e+01 -1.655850763678261e+00
2.106666666666667e+09 -1.315924741003833e+01 -1.469882335849642e+00
2.108333333333333e+09 -1.322685997754993e+01 -1.280041399109291e+00
2.110000000000000e+09 -1.328957062308117e+01 -1.086471715133809e+00
2.111666666666667e+09 -1.334713216736365e+01 -8.893350403817313e-01
2.113333333333333e+09 -1.339930154052626e+01 -6.888114512682769e-01
2.115000000000000e+09 -1.344584123756222e+01 -4.850995484775423e-01
2.116666666666667e+09 -1.348652082842592e+01 -2.784165378506432e-01
2.118333333333333e+09 -1.352111851511960e+01 -6.899818683796752e-02
2.120000000000000e+09 -1.354942273098128e+01 1.429013518030320e-01
2.121666666666667e+09 -1.357123377066848e+01 3.570098614828342e-01
2.123333333333333e+09 -1.358636543252842e+01 5.730375354380142e-01
2.125000000000000e+09 -1.359464665734108e+01 7.906776008905719e-01
2.126666666666667e+09 -1.359592315657323e+01 1.009607091186814e+00
2.128333333333333e+09 -1.359005902755749e+01 1.229487773157893e+00
2.130000000000000e+09 -1.357693834407975e+01 1.449967247252288e+00
2.131666666666667e+09 -1.355646669403715e+01 1.670680235766541e+00
2.133333333333333e+09 -1.352857262613195e+01 1.891250057699629e+00
2.135000000000000e+09 -1.349320897504765e+01 2.111290269955005e+00
2.136666666666667e+09 -1.345035405343551e+01 2.330406449665084e+00
2.138333333333333e+09 -1.340001271226841e+01 2.548198104869118e+00
2.140000000000000e+09 -1.334221726636930e+01 2.764260717738072e+00
2.141666666666667e+09 -1.327702826370115e+01 2.978187928488963e+00
2.143333333333333e+09 -1.320453506266856e+01 3.189573853621726e+00
2.145000000000000e+09 -1.312485618498531e+01 3.398015511032576e+00
2.146666666666667e+09 -1.303813942964485e+01 3.603115314727026e+00
2.148333333333334e+09 -1.294456174957424e+01 3.804483609905222e+00
2.150000000000000e+09 -1.284432889256851e+01 4.001741234311345e+00
2.151666666666667e+09 -1.273767479420897e+01 4.194522096383055e+00
2.153333333333334e+09 -1.262486069887095e+01 4.382475747746556e+00
2.155000000000000e+09 -1.250617399017856e+01 4.565269907258037e+00
2.156666666666667e+09 -1.238192673318278e+01 4.742592883945392e+00
2.158333333333334e+09 -1.225245395129961e+01 4.914155855252790e+00
2.160000000000000e+09 -1.211811166624552e+01 5.079694976006774e+00
2.161666666666667e+09 -1.197927471828218e+01 5.238973304879413e+00
2.163333333333334e+09 -1.183633437148715e+01 5.391782529154684e+00
2.165000000000000e+09 -1.168969571015893e+01 5.537944452319280e+00
2.166666666666667e+09 -1.153977485027246e+01 5.677312199068888e+00
2.168333333333334e+09 -1.138699601177941e+01 5.809771099574020e+00
2.170000000000000e+09 -1.123178850826403e+01 5.935239235046825e+00
2.171666666666667e+09 -1.107458370553439e+01 6.053667645600540e+00
2.173333333333334e+09 -1.091581198893088e+01 6.165040208512502e+00
2.175000000000000e+09 -1.075589977286447e+01 6.269373192078819e+00
2.176666666666667e+09 -1.059526658957731e+01 6.366714487756274e+00
2.178333333333334e+09 -1.043432230087580e+01 6.457142529207315e+00
2.180000000000000e+09 -1.027346447730797e+01 6.540764919357967e+00
2.181666666666667e+09 -1.011307598146621e+01 6.617716797225604e+00
2.183333333333334e+09 -9.953522781663382e+00 6.688158979393308e+00
2.185000000000000e+09 -9.795152016350389e+00 6.752275909145505e+00
2.186666666666667e+09 -9.638290329017210e+00 6.810273446634150e+00
2.188333333333334e+09 -9.483242491803358e+00 6.862376539540138e+00
2.190000000000000e+09 -9.330290327634673e+00 6.908826821386976e+00
2.191666666666667e+09 -9.179691926355895e+00 6.949880186335557e+00
2.193333333333334e+09 -9.031681137381973e+00 6.985804381782152e+00
2.195000000000000e+09 -8.886467316538793e+00 7.016876647999412e+00
2.196666666666667e+09 -8.744235307760500e+00 7.043381425371937e+00
2.198333333333334e+09 -8.605145644694895e+00 7.065608148342780e+00
2.200000000000000e+09 -8.469334956865366e+00 7.083849147793138e+00
2.201666666666667e+09 -8.336916559563905e+00 7.098397683959247e+00
2.203333333333334e+09 -8.207981200861230e+00 7.109546127180185e+00
2.205000000000000e+09 -8.082597937332929e+00 7.117584296257267e+00
2.206666666666667e+09 -7.960815112039841e+00 7.122797958336675e+00
2.208333333333334e+09 -7.842661410467733e+00 7.125467491273551e+00
2.210000000000000e+09 -7.728146970488016e+00 7.125866706866163e+00
2.211666666666667e+09 -7.617264522782839e+00 7.124261828679409e+00
2.213333333333334e+09 -7.509990541769485e+00 7.120910612549981e+00
2.215000000000000e+09 -7.406286393969315e+00 7.116061595211012e+00
2.216666666666667e+09 -7.306099477062054e+00 7.109953458877273e+00
2.218333333333334e+09 -7.209364344483562e+00 7.102814504441672e+00
2.220000000000000e+09 -7.116003807651920e+00 7.094862228037073e+00
2.221666666666667e+09 -7.025930005511473e+00 7.086302992837053e+00
2.223333333333334e+09 -6.939045433338594e+00 7.077331783247871e+00
2.225000000000000e+09 -6.855243928872672e+00 7.068132027362331e+00
2.226666666666667e+09 -6.774411618723564e+00 7.058875477423963e+00
2.228333333333334e+09 -6.696427827820592e+00 7.049722143313833e+00
2.230000000000000e+09 -6.621165951093642e+00 7.040820275574586e+00
2.231666666666667e+09 -6.548494285012955e+00 7.032306391586459e+00
2.233333333333334e+09 -6.478276819899549e+00 7.024305335927185e+00
2.235000000000000e+09 -6.410373998717196e+00 7.016930368353049e+00
2.236666666666667e+09 -6.344643448356106e+00 7.010283278938551e+00
2.238333333333334e+09 -6.280940683828518e+00 7.004454533095062e+00
2.240000000000000e+09 -6.219119780363104e+00 6.999523444896284e+00
2.241666666666667e+09 -6.159034010778037e+00 6.995558369255962e+00
2.243333333333334e+09 -6.100536455819030e+00 6.992616901848871e+00
2.245000000000000e+09 -6.043480603527206e+00 6.990746085714226e+00
2.246666666666667e+09 -5.987720949144303e+00 6.989982638545617e+00
2.248333333333334e+09 -5.933113589701667e+00 6.990353220117089e+00
2.250000000000000e+09 -5.879516791432299e+00 6.991874746616531e+00
2.251666666666667e+09 -5.826791509930451e+00 6.994554736188391e+00
2.253333333333334e+09 -5.774801864594128e+00 6.998391657999306e+00
2.255000000000000e+09 -5.723415592885458e+00 7.003375269585765e+00
2.256666666666667e+09 -5.672504513276073e+00 7.009486956537306e+00
2.258333333333334e+09 -5.621945001558164e+00 7.016700109464987e+00
2.260000000000000e+09 -5.571618451984759e+00 7.024980564625933e+00
2.261666666666667e+09 -5.521411682021703e+00 7.034287100469264e+00
2.263333333333334e+09 -5.471217261269206e+00 7.044571951023099e+00
2.265000000000000e+09 -5.420933784803178e+00 7.055781297175286e+00
2.266666666666667e+09 -5.370466134268782e+00 7.067855730923895e+00
2.268333333333334e+09 -5.319725754385475e+00 7.080730727226936e+00
2.270000000000000e+09 -5.268630929586500e+00 7.094337167793201e+00
2.271666666666667e+09 -5.217107012066524e+00 7.108601930429045e+00
2.273333333333334e+09 -5.165086558610678e+00 7.123448511443414e+00
2.275000000000000e+09 -5.112509375274042e+00 7.138797626715058e+00
2.276666666666667e+09 -5.059322510874206e+00 7.154567758487081e+00
2.278333333333334e+09 -5.005480246495948e+00 7.170675661061014e+00
2.280000000000000e+09 -4.950944094282621e+00 7.187036869132461e+00
2.281666666666667e+09 -4.895682775431177e+00 7.203566241629685e+00
2.283333333333334e+09 -4.839672132665531e+00 7.220178532694113e+00
2.285000000000000e+09 -4.782894958080027e+00 7.236788947285675e+00
2.286666666666667e+09 -4.725340758566135e+00 7.253313641317615e+00
2.288333333333334e+09 -4.667005500809661e+00 7.269670160709224e+00
2.290000000000000e+09 -4.607891360236930e+00 7.285777847263847e+00
2.291666666666667e+09 -4.548006462338052e+00 7.301558241631438e+00
2.293333333333334e+09 -4.487364585313144e+00 7.316935485020643e+00
2.295000000000000e+09 -4.425984807583807e+00 7.331836690898776e+00
2.296666666666667e+09 -4.363891116972625e+00 7.346192255212048e+00
2.298333333333334e+09 -4.301112017534366e+00 7.359936100722490e+00
2.300000000000000e+09 -4.237680156738953e+00 7.373005881193914e+00
2.301666666666667e+09 -4.173631963274862e+00 7.385343175083498e+00
2.303333333333334e+09 -4.109007266026243e+00 7.396893672458589e+00
2.305000000000000e+09 -4.043848877361314e+00 7.407607328453417e+00
2.306666666666667e+09 -3.978202157191823e+00 7.417438451734147e+00
2.308333333333334e+09 -3.912114596495688e+00 7.426345723006449e+00
2.310000000000000e+09 -3.845635448299700e+00 7.434292172431925e+00
2.311666666666667e+09 -3.778815399473029e+00 7.441245154440169e+00
2.313333333333334e+09 -3.711706249616455e+00 7.447176334633478e+00
2.315000000000000e+09 -3.644360568520179e+00 7.452061668014716e+00
2.316666666666667e+09 -3.576831336019448e+00 7.455881333030554e+00
2.318333333333334e+09 -3.509171597734505e+00 7.458619604966406e+00
2.320000000000000e+09 -3.441434170343901e+00 7.460264687072625e+00
2.321666666666667e+09 -3.373671401456686e+00 7.460808536621593e+00
2.323333333333334e+09 -3.305934958663192e+00 7.460246709736178e+00
2.325000000000000e+09 -3.238275617398576e+00 7.458578217083603e+00
2.326666666666667e+09 -3.170743040724870e+00 7.455805362375380e+00
2.328333333333334e+09 -3.103385572600054e+00 7.451933544941764e+00
2.330000000000000e+09 -3.036250072680561e+00 7.446971036235055e+00
2.331666666666667e+09 -2.969381799823960e+00 7.440928760154986e+00
2.333333333333334e+09 -2.902824323704036e+00 7.433820099772125e+00
2.335000000000000e+09 -2.836619435676104e+00 7.425660725787322e+00
2.336666666666667e+09 -2.770807048655813e+00 7.416468420880625e+00
2.338333333333334e+09 -2.705425103390894e+00 7.406262878721543e+00
2.340000000000000e+09 -2.640509509186553e+00 7.395065482182175e+00
2.341666666666667e+09 -2.576094131155341e+00 7.382899088103400e+00
2.343333333333334e+09 -2.512210808307819e+00 7.369787845021786e+00
2.345000000000000e+09 -2.448889372370014e+00 7.355757046880435e+00
2.346666666666667e+09 -2.386157648276714e+00 7.340833001272347e+00
2.348333333333334e+09 -2.324041442837481e+00 7.325042886371130e+00
2.350000000000000e+09 -2.262564545153152e+00 7.308414588573834e+00
2.351666666666667e+09 -2.201748757285648e+00 7.290976535672306e+00
2.353333333333334e+09 -2.141613953267767e+00 7.272757548197636e+00
2.355000000000000e+09 -2.082178148062488e+00 7.253786719765785e+00
2.356666666666667e+09 -2.023457558891471e+00 7.234093318695510e+00
2.358333333333334e+09 -1.965466655840430e+00 7.213706694736423e+00
2.360000000000000e+09 -1.908218211830006e+00 7.192656181703205e+00
2.361666666666667e+09 -1.851723362748134e+00 7.170970999890469e+00
2.363333333333334e+09 -1.795991678944197e+00 7.148680168339967e+00
2.365000000000000e+09 -1.741031240567944e+00 7.125812432316557e+00
2.366666666666667e+09 -1.686848709336204e+00 7.102396202820137e+00
2.368333333333334e+09 -1.633449395792616e+00 7.078459501845082e+00
2.370000000000000e+09 -1.580837325606063e+00 7.054029910943486e+00
2.371666666666667e+09 -1.529015306623072e+00 7.029134525075269e+00
2.373333333333334e+09 -1.477984994317125e+00 7.003799912852785e+00
2.375000000000000e+09 -1.427746953658851e+00 6.978052079910932e+00
2.376666666666667e+09 -1.378300720793067e+00 6.951916431361820e+00
2.378333333333334e+09 -1.329644871239589e+00 6.925417735341623e+00
2.380000000000000e+09 -1.281777096277734e+00 6.898580096670099e+00
2.381666666666667e+09 -1.234694278768339e+00 6.871426948221543e+00
2.383333333333334e+09 -1.188392555045719e+00 6.843981056072722e+00
2.385000000000000e+09 -1.142867358303741e+00 6.816264523133102e+00
2.386666666666667e+09 -1.098113455117859e+00 6.788298777928036e+00
2.388333333333334e+09 -1.054124994213958e+00 6.760104552014099e+00
2.390000000000000e+09 -1.010895574722987e+00 6.731701866375954e+00
2.391666666666667e+09 -9.684183180371503e-01 6.703110045528291e+00
2.393333333333334e+09 -9.266859152923065e-01 6.674347754861691e+00
2.395000000000000e+09 -8.856906373630967e-01 6.645433031217444e+00
2.396666666666667e+09 -8.454243275941111e-01 6.616383274957178e+00
2.398333333333334e+09 -8.058784200474071e-01 6.587215201756957e+00
2.400000000000000e+09 -7.670440130011332e-01 6.557944792058334e+00
2.401666666666667e+09 -7.289119834798218e-01 6.528587289859234e+00
2.403333333333334e+09 -6.914730882900497e-01 6.499157272748508e+00
2.405000000000000e+09 -6.547179968467912e-01 6.469668761334664e+00
2.406666666666667e+09 -6.186372462874646e-01 6.440135301856614e+00
2.408333333333334e+09 -5.832211662489641e-01 6.410569971537866e+00
2.410000000000000e+09 -5.484598431693635e-01 6.380985312209261e+00
2.411666666666667e+09 -5.143431630117036e-01 6.351393249788711e+00
2.413333333333334e+09 -4.808609119225402e-01 6.321805063939816e+00
2.415000000000000e+09 -4.480028745637859e-01 6.292231430125105e+00
2.416666666666667e+09 -4.157588796139419e-01 6.262682502026305e+00
2.418333333333334e+09 -3.841187884016367e-01 6.233167980062136e+00
2.420000000000000e+09 -3.530724637651028e-01 6.203697135080130e+00
2.421666666666667e+09 -3.226097592506361e-01 6.174278798880457e+00
2.423333333333334e+09 -2.927205380168026e-01 6.144921355608114e+00
2.425000000000000e+09 -2.633947001035497e-01 6.115632754315945e+00
2.426666666666667e+09 -2.346221950324502e-01 6.086420533084852e+00
2.428333333333334e+09 -2.063930209402501e-01 6.057291832186039e+00
2.430000000000000e+09 -1.786972320532828e-01 6.028253390351390e+00
2.431666666666667e+09 -1.515249690418442e-01 5.999311544222510e+00
2.433333333333334e+09 -1.248664983311844e-01 5.970472255637654e+00
2.435000000000000e+09 -9.871222790309823e-02 5.941741165980763e+00
2.436666666666667e+09 -7.305268169135233e-02 5.913123645545278e+00
2.438333333333334e+09 -4.787845204245558e-02 5.884624802280030e+00
2.440000000000000e+09 -2.318017400422616e-02 5.856249446501096e+00
2.441666666666667e+09 1.051449973202508e-03 5.828002048112791e+00
2.443333333333334e+09 2.482559003398708e-02 5.799886731938728e+00
2.445000000000000e+09 4.815124078108972e-02 5.771907323846493e+00
2.446666666666667e+09 7.103722131806231e-02 5.744067414874828e+00
2.448333333333334e+09 9.349221505326950e-02 5.716370395635382e+00
2.450000000000000e+09 1.155248047222176e-01 5.688819443810552e+00
2.451666666666667e+09 1.371434659542393e-01 5.661417494367782e+00
2.453333333333334e+09 1.583565275144971e-01 5.634167238896864e+00
2.455000000000000e+09 1.791721437826132e-01 5.607071169301944e+00
2.456666666666667e+09 1.995983161257011e-01 5.580131631673649e+00
2.458333333333334e+09 2.196429504993436e-01 5.553350838612485e+00
2.460000000000000e+09 2.393138964842216e-01 5.526730823747726e+00
2.461666666666667e+09 2.586189222193913e-01 5.500273379632869e+00
2.463333333333334e+09 2.775656364788452e-01 5.473980043644634e+00
2.465000000000000e+09 2.961614217922986e-01 5.447852159046955e+00
2.466666666666667e+09 3.144134390979066e-01 5.421890970927548e+00
2.468333333333334e+09 3.323287036665608e-01 5.396097681798436e+00
2.470000000000000e+09 3.499141678994698e-01 5.370473424667660e+00
2.471666666666667e+09 3.671767394135689e-01 5.345019184785960e+00
2.473333333333334e+09 3.841232216887567e-01 5.319735747710570e+00
2.475000000000000e+09 4.007602362144169e-01 5.294623726265326e+00
2.476666666666667e+09 4.170942022372883e-01 5.269683644184313e+00
2.478333333333334e+09 4.331313952409115e-01 5.244915999477127e+00
2.480000000000000e+09 4.488780288202774e-01 5.220321248693286e+00
2.481666666666667e+09 4.643402794922922e-01 5.195899729058558e+00
2.483333333333334e+09 4.795242262899153e-01 5.171651597857914e+00
2.485000000000000e+09 4.944357594262683e-01 5.147576856601924e+00
2.486666666666667e+09 5.090805467947304e-01 5.123675449407577e+00
2.488333333333334e+09 5.234640981408409e-01 5.099947352359489e+00
2.490000000000000e+09 5.375918769224545e-01 5.076392572930780e+00
2.491666666666667e+09 5.514693621555358e-01 5.053011057186604e+00
2.493333333333334e+09 5.651020034354706e-01 5.029802587044594e+00
2.495000000000000e+09 5.784951071042203e-01 5.006766762016311e+00
2.496666666666667e+09 5.916537544765543e-01 4.983903086280701e+00
2.498333333333334e+09 6.045828259130889e-01 4.961211088099763e+00
2.500000000000000e+09 6.172871108191119e-01 4.938690369490537e+00
2.501666666666667e+09 6.297714077965640e-01 4.916340546323590e+00
2.503333333333334e+09 6.420405294478964e-01 4.894161136196646e+00
2.505000000000000e+09 6.540992124960296e-01 4.872151495795323e+00
2.506666666666667e+09 6.659520171495245e-01 4.850310862193657e+00
2.508333333333334e+09 6.776033053455677e-01 4.828638458470200e+00
2.510000000000000e+09 6.890573130111139e-01 4.807133569190873e+00
2.511666666666667e+09 7.003182469294345e-01 4.785795523697716e+00
2.513333333333334e+09 7.113903191347766e-01 4.764623611854659e+00
2.515000000000000e+09 7.222776941828520e-01 4.743617016682138e+00
2.516666666666667e+09 7.329844065140468e-01 4.722774827584741e+00
2.518333333333334e+09 7.435143301678064e-01 4.702096119127616e+00
2.520000000000000e+09 7.538712303250416e-01 4.681580018829528e+00
2.521666666666667e+09 7.640588474656774e-01 4.661225699904967e+00
2.523333333333334e+09 7.740809346956008e-01 4.641032307358657e+00
2.525000000000000e+09 7.839412140141744e-01 4.620998888848223e+00
2.526666666666667e+09 7.936432938079563e-01 4.601124396544654e+00
2.528333333333334e+09 8.031906254806570e-01 4.581407759235374e+00
2.530000000000000e+09 8.125865395910339e-01 4.561847958955853e+00
2.531666666666667e+09 8.218343277742169e-01 4.542444043835323e+00
2.533333333333334e+09 8.309372957041424e-01 4.523195069483112e+00
2.535000000000000e+09 8.398987415744935e-01 4.504100027342086e+00
2.536666666666667e+09 8.487218851943026e-01 4.485157828666783e+00
2.538333333333334e+09 8.574098184829678e-01 4.466367359076690e+00
2.540000000000000e+09 8.659655273327228e-01 4.447727552060019e+00
2.541666666666667e+09 8.743919681376722e-01 4.429237411858373e+00
2.543333333333334e+09 8.826921317333009e-01 4.410895962101290e+00
2.545000000000000e+09 8.908690384016095e-01 4.392702163103897e+00
2.546666666666667e+09 8.989256681925928e-01 4.374654867602175e+00
2.548333333333334e+09 9.068648853109856e-01 4.356752849751023e+00
2.550000000000000e+09 9.146894162297127e-01 4.338994879485489e+00
2.551666666666667e+09 9.224018914052619e-01 4.321379780427280e+00
2.553333333333334e+09 9.300049075128973e-01 4.303906431534528e+00
2.555000000000000e+09 9.375010576049507e-01 4.286573726068574e+00
2.556666666666667e+09 9.448929144797504e-01 4.269380535708568e+00
2.558333333333334e+09 9.521829987471903e-01 4.252325713852186e+00
2.560000000000000e+09 9.593737741264585e-01 4.235408127576392e+00
2.561666666666667e+09 9.664676806175583e-01 4.218626676878848e+00
2.563333333333334e+09 9.734671741650657e-01 4.201980271707473e+00
2.565000000000000e+09 9.803747302151481e-01 4.185467779515101e+00
2.566666666666667e+09 9.871927990422211e-01 4.169087988110549e+00
2.568333333333334e+09 9.939237448355702e-01 4.152839620010356e+00
2.570000000000000e+09 1.000569818067147e+00 4.136721392398974e+00
2.571666666666667e+09 1.007133185668825e+00 4.120732078202487e+00
2.573333333333334e+09 1.013615997626381e+00 4.104870521966822e+00
2.575000000000000e+09 1.020020440630396e+00 4.089135600053133e+00
2.576666666666667e+09 1.026348741619100e+00 4.073526157407549e+00
2.578333333333334e+09 1.032603124353064e+00 4.058040968162540e+00
2.580000000000000e+09 1.038785756659903e+00 4.042678744822398e+00
2.581666666666667e+09 1.044898728291982e+00 4.027438181758208e+00
2.583333333333334e+09 1.050944071064629e+00 4.012317995146668e+00
2.585000000000000e+09 1.056923799452735e+00 3.997316929712410e+00
2.586666666666667e+09 1.062839937552076e+00 3.982433732368584e+00
2.588333333333334e+09 1.068694513951936e+00 3.967667118395976e+00
2.590000000000000e+09 1.074489533894260e+00 3.953015757991924e+00
2.591666666666667e+09 1.080226954999305e+00 3.938478291156081e+00
2.593333333333334e+09 1.085908687033567e+00 3.924053355090956e+00
2.595000000000000e+09 1.091536614779838e+00 3.909739599547132e+00
2.596666666666667e+09 1.097112624353335e+00 3.895535677131540e+00
2.598333333333334e+09 1.102638611693863e+00 3.881440216658283e+00
2.600000000000000e+09 1.108116467491481e+00 3.867451800945275e+00
2.601666666666667e+09 1.113548052305353e+00 3.853568965953906e+00
2.603333333333334e+09 1.118935183517353e+00 3.839790220001158e+00
2.605000000000000e+09 1.124279645853251e+00 3.826114064600765e+00
2.606666666666667e+09 1.129583217253980e+00 3.812538996138924e+00
2.608333333333334e+09 1.134847687676289e+00 3.799063482492994e+00
2.610000000000000e+09 1.140074851818607e+00 3.785685929738654e+00
2.611666666666667e+09 1.145266476357558e+00 3.772404664605085e+00
2.613333333333334e+09 1.150424263584791e+00 3.759217948859719e+00
2.615000000000000e+09 1.155549839318506e+00 3.746124018023358e+00
2.616666666666667e+09 1.160644777288401e+00 3.733121116343819e+00
2.618333333333334e+09 1.165710645131473e+00 3.720207499350094e+00
2.620000000000000e+09 1.170749038851440e+00 3.707381396920112e+00
2.621666666666667e+09 1.175761578016658e+00 3.694640958752872e+00
2.623333333333334e+09 1.180749860714384e+00 3.681984218780582e+00
2.625000000000000e+09 1.185715406384831e+00 3.669409103373163e+00
2.626666666666667e+09 1.190659624366654e+00 3.656913477633442e+00
2.628333333333334e+09 1.195583828320733e+00 3.644495196714690e+00
2.630000000000000e+09 1.200489284021796e+00 3.632152125260141e+00
2.631666666666667e+09 1.205377254151396e+00 3.619882110960881e+00
2.633333333333334e+09 1.210249006275643e+00 3.607682931222273e+00
2.635000000000000e+09 1.215105777293777e+00 3.595552250809642e+00
2.636666666666667e+09 1.219948719301092e+00 3.583487619260574e+00
2.638333333333334e+09 1.224778864633120e+00 3.571486506579255e+00
2.640000000000000e+09 1.229597132297337e+00 3.559546346712049e+00
2.641666666666667e+09 1.234404365405130e+00 3.547664552227017e+00
2.643333333333334e+09 1.239201363717734e+00 3.535838485515475e+00
2.645000000000000e+09 1.243988876460747e+00 3.524065406136966e+00
2.646666666666667e+09 1.248767548575699e+00 3.512342435356882e+00
2.648333333333334e+09 1.253537849064402e+00 3.500666570651485e+00
2.650000000000000e+09 1.258300027036817e+00 3.489034749213106e+00
2.651666666666667e+09 1.263054125671087e+00 3.477443923483850e+00
2.653333333333334e+09 1.267800045587725e+00 3.465891099668306e+00
2.655000000000000e+09 1.272537613640049e+00 3.454373312270436e+00
2.656666666666667e+09 1.277266606336587e+00 3.442887550013360e+00
2.658333333333334e+09 1.281986704941751e+00 3.431430682013706e+00
2.660000000000000e+09 1.286697403120215e+00 3.419999434292819e+00
2.661666666666667e+09 1.291397917677360e+00 3.408590434780769e+00
2.663333333333334e+09 1.296087148656019e+00 3.397200302402100e+00
2.665000000000000e+09 1.300763701363408e+00 3.385825731803526e+00
2.666666666666667e+09 1.305425944587903e+00 3.374463534376566e+00
2.668333333333334e+09 1.310072062156623e+00 3.363110628837279e+00
2.670000000000000e+09 1.314700067315686e+00 3.351764006073639e+00
2.671666666666667e+09 1.319307777995301e+00 3.340420703039662e+00
2.673333333333334e+09 1.323892774021771e+00 3.329077807320738e+00
2.675000000000000e+09 1.328452361685696e+00 3.317732491967708e+00
2.676666666666667e+09 1.332983559965416e+00 3.306382065695828e+00
2.678333333333334e+09 1.337483108675062e+00 3.295024022320617e+00
2.680000000000000e+09 1.341947491091473e+00 3.283656079736801e+00
2.681666666666667e+09 1.346372962150165e+00 3.272276205031634e+00
2.683333333333334e+09 1.350755573464600e+00 3.260882626550366e+00
2.685000000000000e+09 1.355091187101129e+00 3.249473838767843e+00
2.686666666666667e+09 1.359375474979521e+00 3.238048611919515e+00
2.688333333333334e+09 1.363603911717748e+00 3.226606019626692e+00
2.690000000000000e+09 1.367771779249709e+00 3.215145488169230e+00
2.691666666666667e+09 1.371874200508670e+00 3.203666853797291e+00
2.693333333333334e+09 1.375906202851616e+00 3.192170403093775e+00
2.695000000000000e+09 1.379862790398059e+00 3.180656878592302e+00
2.696666666666667e+09 1.383738996796714e+00 3.169127455473579e+00
2.698333333333334e+09 1.387529905633281e+00 3.157583716614181e+00
2.700000000000000e+09 1.391230653634578e+00 3.146027652761044e+00
2.701666666666667e+09 1.394836447799486e+00 3.134461690446497e+00
2.703333333333334e+09 1.398342616128490e+00 3.122888722875107e+00
2.705000000000000e+09 1.401744681957335e+00 3.111312113567841e+00
2.706666666666667e+09 1.405038431206431e+00 3.099735664920739e+00
2.708333333333334e+09 1.408219950164404e+00 3.088163573430719e+00
2.710000000000000e+09 1.411285641458250e+00 3.076600401442760e+00
2.711666666666667e+09 1.414232248435758e+00 3.065051072922580e+00
2.713333333333334e+09 1.417056909824771e+00 3.053520868996271e+00
2.715000000000000e+09 1.419757233420119e+00 3.042015389861567e+00
2.716666666666667e+09 1.422331351484434e+00 3.030540474749479e+00
2.718333333333334e+09 1.424777928887726e+00 3.019102108791892e+00
2.720000000000000e+09 1.427096132789369e+00 3.007706358691517e+00
2.721666666666667e+09 1.429285605027831e+00 2.996359352842226e+00
2.723333333333334e+09 1.431346473049393e+00 2.985067278678575e+00
2.725000000000000e+09 1.433279394705621e+00 2.973836351308307e+00
2.726666666666667e+09 1.435085593824146e+00 2.962672732748567e+00
2.728333333333334e+09 1.436766844655915e+00 2.951582428394799e+00
2.730000000000000e+09 1.438325405191589e+00 2.940571211999278e+00
2.731666666666667e+09 1.439763943461268e+00 2.929644607403129e+00
2.733333333333334e+09 1.441085504822414e+00 2.918807904608435e+00
2.735000000000000e+09 1.442293526555973e+00 2.908066157159513e+00
2.736666666666667e+09 1.443391857326425e+00 2.897424127364503e+00
2.738333333333334e+09 1.444384729844884e+00 2.886886198365862e+00
2.740000000000000e+09 1.445276675267761e+00 2.876456307986430e+00
2.741666666666667e+09 1.446072419981969e+00 2.866137943938106e+00
2.743333333333334e+09 1.446776819819729e+00 2.855934187427444e+00
2.745000000000000e+09 1.447394849506316e+00 2.845847752573972e+00
2.746666666666667e+09 1.447931612289397e+00 2.835880980483274e+00
2.748333333333334e+09 1.448392317811880e+00 2.826035797892732e+00
2.750000000000000e+09 1.448782212093306e+00 2.816313690439323e+00
2.751666666666667e+09 1.449106496531693e+00 2.806715729190430e+00
2.753333333333334e+09 1.449370289359269e+00 2.797242636228599e+00
2.755000000000000e+09 1.449578644031947e+00 2.787894833261479e+00
2.756666666666667e+09 1.449736581003713e+00 2.778672430507622e+00
2.758333333333334e+09 1.449849070325064e+00 2.769575172527029e+00
2.760000000000000e+09 1.449920945512149e+00 2.760602407146299e+00
2.761666666666667e+09 1.449956797123654e+00 2.751753132737725e+00
2.763333333333334e+09 1.449960923087493e+00 2.743026112977883e+00
2.765000000000000e+09 1.449937371334224e+00 2.734419985806965e+00
2.766666666666667e+09 1.449890032987470e+00 2.725933293638544e+00
2.768333333333334e+09 1.449822700900033e+00 2.717564427891280e+00
2.770000000000000e+09 1.449739039564132e+00 2.709311554657793e+00
2.771666666666667e+09 1.449642491506445e+00 2.701172603251240e+00
2.773333333333334e+09 1.449536201257794e+00 2.693145341791907e+00
2.775000000000000e+09 1.449423020737281e+00 2.685227486197036e+00
2.776666666666667e+09 1.449305586136635e+00 2.677416761261131e+00
2.778333333333334e+09 1.449186394013924e+00 2.669710878854208e+00
2.780000000000000e+09 1.449067809677328e+00 2.662107474692108e+00
2.781666666666667e+09 1.448952007480690e+00 2.654604081081978e+00
2.783333333333334e+09 1.448840907926412e+00 2.647198176373988e+00
2.785000000000000e+09 1.448736180316782e+00 2.639887277547170e+00
2.786666666666667e+09 1.448639319174907e+00 2.632668999355725e+00
2.788333333333334e+09 1.448551733669248e+00 2.625541031186810e+00
2.790000000000000e+09 1.448474774769700e+00 2.618501055984083e+00
2.791666666666667e+09 1.448409678052669e+00 2.611546688388406e+00
2.793333333333334e+09 1.448357473831984e+00 2.604675494771861e+00
2.795000000000000e+09 1.448318946339677e+00 2.597885088941785e+00
2.796666666666667e+09 1.448294684917172e+00 2.591173233287166e+00
2.798333333333334e+09 1.448285196365560e+00 2.584537869175497e+00
2.800000000000000e+09 1.448290999829347e+00 2.577977055298662e+00
2.801666666666667e+09 1.448312640270964e+00 2.571488862064393e+00
2.803333333333334e+09 1.448350618359037e+00 2.565071299838522e+00
2.805000000000000e+09 1.448405293545088e+00 2.558722330036452e+00
2.806666666666667e+09 1.448476831000254e+00 2.552439947387470e+00
2.808333333333334e+09 1.448565227477522e+00 2.546222275200213e+00
2.810000000000000e+09 1.448670396513757e+00 2.540067612604247e+00
2.811666666666667e+09 1.448792257827055e+00 2.533974409227208e+00
2.813333333333334e+09 1.448930778731483e+00 2.527941190113714e+00
2.815000000000000e+09 1.449085949717724e+00 2.521966481910171e+00
2.816666666666667e+09 1.449257718183585e+00 2.516048786299470e+00
2.818333333333334e+09 1.449445928923243e+00 2.510186614277069e+00
2.820000000000000e+09 1.449650313933833e+00 2.504378555170931e+00
2.821666666666667e+09 1.449870540936232e+00 2.498623331117482e+00
2.823333333333334e+09 1.450106289419030e+00 2.492919796485936e+00
2.825000000000000e+09 1.450357301680555e+00 2.487266879235434e+00
2.826666666666667e+09 1.450623371395635e+00 2.481663503719688e+00
2.828333333333334e+09 1.450904276520081e+00 2.476108550978859e+00
2.830000000000000e+09 1.451199705984078e+00 2.470600887582000e+00
2.831666666666667e+09 1.451509236916503e+00 2.465139443201951e+00
2.833333333333334e+09 1.451832382349940e+00 2.459723278858537e+00
2.835000000000000e+09 1.452168675402726e+00 2.454351593834335e+00
2.836666666666667e+09 1.452517727951200e+00 2.449023666569943e+00
2.838333333333334e+09 1.452879223119961e+00 2.443738775518517e+00
2.840000000000000e+09 1.453252853728991e+00 2.438496158406177e+00
2.841666666666667e+09 1.453638258561860e+00 2.433295033575880e+00
2.843333333333334e+09 1.454035002679262e+00 2.428134656838166e+00
2.845000000000000e+09 1.454442605681901e+00 2.423014365316211e+00
2.846666666666667e+09 1.454860583556566e+00 2.417933582012246e+00
2.848333333333334e+09 1.455288469462177e+00 2.412891795501836e+00
2.850000000000000e+09 1.455725811711226e+00 2.407888547022352e+00
2.851666666666667e+09 1.456172175703880e+00 2.402923436459052e+00
2.853333333333334e+09 1.456627168967995e+00 2.397996124625818e+00
2.855000000000000e+09 1.457090472204968e+00 2.393106302221228e+00
2.856666666666667e+09 1.457561834885739e+00 2.388253628862725e+00
2.858333333333334e+09 1.458041013973424e+00 2.383437687706266e+00
2.860000000000000e+09 1.458527687119707e+00 2.378658005881984e+00
2.861666666666667e+09 1.459021407876538e+00 2.373914143790371e+00
2.863333333333334e+09 1.459521649219034e+00 2.369205794206847e+00
2.865000000000000e+09 1.460027913138456e+00 2.364532813093581e+00
2.866666666666667e+09 1.460539825655788e+00 2.359895152289495e+00
2.868333333333334e+09 1.461057142756455e+00 2.355292743449120e+00
2.870000000000000e+09 1.461579663296787e+00 2.350725424592579e+00
2.871666666666667e+09 1.462107121441416e+00 2.346192966418501e+00
2.873333333333334e+09 1.462639147221812e+00 2.341695172417533e+00
2.875000000000000e+09 1.463175324662519e+00 2.337231966141867e+00
2.876666666666667e+09 1.463715293906943e+00 2.332803393125846e+00
2.878333333333334e+09 1.464258808999445e+00 2.328409540535292e+00
2.880000000000000e+09 1.464805705289931e+00 2.324050447651749e+00
2.881666666666667e+09 1.465355810490478e+00 2.319726084238487e+00
2.883333333333334e+09 1.465908880100195e+00 2.315436410976830e+00
2.885000000000000e+09 1.466464612130469e+00 2.311181464366959e+00
2.886666666666667e+09 1.467022724040000e+00 2.306961390835993e+00
2.888333333333334e+09 1.467583022015950e+00 2.302776403672764e+00
2.890000000000000e+09 1.468145404179047e+00 2.298626705089105e+00
2.891666666666667e+09 1.468709800831181e+00 2.294512442875208e+00
2.893333333333334e+09 1.469276109294636e+00 2.290433735822879e+00
2.895000000000000e+09 1.469844181132061e+00 2.286390739635537e+00
2.896666666666667e+09 1.470413869394356e+00 2.282383692015514e+00
2.898333333333334e+09 1.470985090670938e+00 2.278412898580764e+00
2.900000000000000e+09 1.471557847386171e+00 2.274478675749955e+00
2.901666666666667e+09 1.472132194523445e+00 2.270581302837665e+00
2.903333333333334e+09 1.472708184190028e+00 2.266721023677595e+00
2.905000000000000e+09 1.473285837963625e+00 2.262898092633351e+00
2.906666666666667e+09 1.473865169773614e+00 2.259112822665742e+00
2.908333333333334e+09 1.474446238389353e+00 2.255365594653672e+00
2.910000000000000e+09 1.475029186403777e+00 2.251656821939970e+00
2.911666666666667e+09 1.475614237408027e+00 2.247986899774832e+00
2.913333333333334e+09 1.476201658028830e+00 2.244356177304638e+00
2.915000000000000e+09 1.476791716213934e+00 2.240764968011514e+00
2.916666666666667e+09 1.477384664502370e+00 2.237213584853598e+00
2.918333333333334e+09 1.477980754455703e+00 2.233702372499305e+00
2.920000000000000e+09 1.478580266934716e+00 2.230231717468367e+00
2.921666666666667e+09 1.479183537485326e+00 2.226802035887828e+00
2.923333333333334e+09 1.479790965727501e+00 2.223413751708875e+00
2.925000000000000e+09 1.480403010708512e+00 2.220067278648630e+00
2.926666666666667e+09 1.481020180702021e+00 2.216763011422143e+00
2.928333333333334e+09 1.481643024541083e+00 2.213501324550524e+00
2.930000000000000e+09 1.482272127109774e+00 2.210282574584424e+00
2.931666666666667e+09 1.482908108666569e+00 2.207107102684037e+00
2.933333333333334e+09 1.483551627047387e+00 2.203975235966046e+00
2.935000000000000e+09 1.484203381856167e+00 2.200887286443105e+00
2.936666666666667e+09 1.484864119221666e+00 2.197843546412688e+00
2.938333333333334e+09 1.485534634746500e+00 2.194844279851519e+00
2.940000000000000e+09 1.486215771772448e+00 2.191889711050921e+00
2.941666666666667e+09 1.486908412918301e+00 2.188980013979720e+00
2.943333333333334e+09 1.487613465653751e+00 2.186115307565391e+00
2.945000000000000e+09 1.488331847086641e+00 2.183295661295703e+00
2.946666666666667e+09 1.489064476635834e+00 2.180521110641864e+00
2.948333333333334e+09 1.489812283717542e+00 2.177791674105888e+00
2.950000000000000e+09 1.490576228991473e+00 2.175107358726892e+00
2.951666666666667e+09 1.491357326286078e+00 2.172468145005825e+00
2.953333333333334e+09 1.492156647570200e+00 2.169873955869341e+00
2.955000000000000e+09 1.492975302398190e+00 2.167324628432542e+00
2.956666666666667e+09 1.493814402260371e+00 2.164819908894376e+00
2.958333333333334e+09 1.494675034330862e+00 2.162359474953181e+00
2.960000000000000e+09 1.495558263994148e+00 2.159942967356916e+00
2.961666666666667e+09 1.496465162169657e+00 2.157570002456140e+00
2.963333333333334e+09 1.497396830544409e+00 2.155240152327024e+00
2.965000000000000e+09 1.498354397092827e+00 2.152952908126702e+00
2.966666666666667e+09 1.499338979646398e+00 2.150707660189271e+00
2.968333333333334e+09 1.500351646019297e+00 2.148503716236678e+00
2.970000000000000e+09 1.501393406299814e+00 2.146340344577913e+00
2.971666666666667e+09 1.502465246248787e+00 2.144216802703705e+00
2.973333333333334e+09 1.503568171518368e+00 2.142132319992553e+00
2.975000000000000e+09 1.504703216717597e+00 2.140086043025564e+00
2.976666666666667e+09 1.505871399257501e+00 2.138076989408591e+00
2.978333333333334e+09 1.507073646101707e+00 2.136104055479192e+00
2.980000000000000e+09 1.508310749763879e+00 2.134166081099217e+00
2.981666666666667e+09 1.509583390416388e+00 2.132261925426487e+00
2.983333333333334e+09 1.510892207565371e+00 2.130390494920440e+00
2.985000000000000e+09 1.512237862742684e+00 2.128550702251013e+00
2.986666666666667e+09 1.513621041274942e+00 2.126741391425772e+00
2.988333333333334e+09 1.515042391504632e+00 2.124961291578656e+00
2.990000000000000e+09 1.516502450354628e+00 2.123209036313184e+00
2.991666666666667e+09 1.518001611588290e+00 2.121483230623792e+00
2.993333333333334e+09 1.519540153313577e+00 2.119782511701865e+00
2.995000000000000e+09 1.521118291913246e+00 2.118105562732285e+00
2.996666666666667e+09 1.522736214581796e+00 2.116451084439140e+00
2.998333333333334e+09 1.524394071608929e+00 2.114817763378037e+00
3.000000000000000e+09 1.526091950542754e+00 2.113204268651489e+00
