2.000000000000000e+09 3.861587252463302e-03 7.504493573605859e+01
2.001666666666667e+09 3.875824309582971e-03 7.487273961839669e+01
2.003333333333333e+09 3.890190073396201e-03 7.469690013644532e+01
2.005000000000000e+09 3.904684670700291e-03 7.451732411703857e+01
2.006666666666667e+09 3.919308087654147e-03 7.433391500696821e+01
2.008333333333333e+09 3.934060118416186e-03 7.414657339569428e+01
2.010000000000000e+09 3.948940370078264e-03 7.395519767003655e+01
2.011666666666667e+09 3.963948299338989e-03 7.375968401964828e+01
2.013333333333333e+09 3.979083224675964e-03 7.355992576216738e+01
2.015000000000000e+09 3.994344285510522e-03 7.335581267344305e+01
2.016666666666667e+09 4.009730375096417e-03 7.314723098614969e+01
2.018333333333333e+09 4.025240100250714e-03 7.293406402876408e+01
2.020000000000000e+09 4.040871793748719e-03 7.271619282982456e+01
2.021666666666667e+09 4.056623552603836e-03 7.249349603820997e+01
2.023333333333333e+09 4.072493248940982e-03 7.226584916120784e+01
2.025000000000000e+09 4.088478484284070e-03 7.203312376075731e+01
2.026666666666667e+09 4.104576508814359e-03 7.179518727765483e+01
2.028333333333333e+09 4.120784156612664e-03 7.155190356948879e+01
2.030000000000000e+09 4.137097829631517e-03 7.130313361190481e+01
2.031666666666667e+09 4.153513515530935e-03 7.104873570934008e+01
2.033333333333333e+09 4.170026792229811e-03 7.078856506565330e+01
2.035000000000000e+09 4.186632784555129e-03 7.052247319621242e+01
2.036666666666667e+09 4.203326083807034e-03 7.025030783765463e+01
2.038333333333333e+09 4.220100677749359e-03 6.997191356896096e+01
2.040000000000000e+09 4.236949932639992e-03 6.968713269173966e+01
2.041666666666667e+09 4.253866624155667e-03 6.939580562095813e+01
2.043333333333333e+09 4.270842968207966e-03 6.909777038352337e+01
2.045000000000000e+09 4.287870594961350e-03 6.879286153716292e+01
2.046666666666667e+09 4.304940447526949e-03 6.848090932298736e+01
2.048333333333333e+09 4.322042641005375e-03 6.816173974714079e+01
2.050000000000000e+09 4.339166345490373e-03 6.783517564606579e+01
2.051666666666667e+09 4.356299737716181e-03 6.750103812588239e+01
2.053333333333333e+09 4.373430016406486e-03 6.715914756987181e+01
2.055000000000000e+09 4.390543434105900e-03 6.680932378343736e+01
2.056666666666667e+09 4.407625292427684e-03 6.645138546779968e+01
2.058333333333333e+09 4.424659877449929e-03 6.608514962008513e+01
2.060000000000000e+09 4.441630351413476e-03 6.571043141208109e+01
2.061666666666667e+09 4.458518638050218e-03 6.532704472748178e+01
2.063333333333333e+09 4.475305332912328e-03 6.493480315825521e+01
2.065000000000000e+09 4.491969648955926e-03 6.453352110804271e+01
2.066666666666667e+09 4.508489389158232e-03 6.412301472535596e+01
2.068333333333333e+09 4.524840930202993e-03 6.370310254516257e+01
2.070000000000000e+09 4.540999200659389e-03 6.327360584379195e+01
2.071666666666667e+09 4.556937638407840e-03 6.283434881569369e+01
2.073333333333333e+09 4.572628117106467e-03 6.238515880082495e+01
2.075000000000000e+09 4.588040845467722e-03 6.192586687768009e+01
2.076666666666667e+09 4.603144263445330e-03 6.145630905883542e+01
2.078333333333333e+09 4.617904971504252e-03 6.097632803042701e+01
2.080000000000000e+09 4.632287717458251e-03 6.048577502186863e+01
2.081666666666667e+09 4.646255431322689e-03 5.998451127197433e+01
2.083333333333333e+09 4.659769265784813e-03 5.947240884380389e+01
2.085000000000000e+09 4.672788597027447e-03 5.894935107240192e+01
2.086666666666667e+09 4.685270975185258e-03 5.841523329139145e+01
2.088333333333333e+09 4.697172060745843e-03 5.786996434894920e+01
2.090000000000000e+09 4.708445603739781e-03 5.731346886607880e+01
2.091666666666667e+09 4.719043497631840e-03 5.674568966303504e+01
2.093333333333333e+09 4.728915889495247e-03 5.616658973423903e+01
2.095000000000000e+09 4.738011295705152e-03 5.557615362998428e+01
2.096666666666667e+09 4.746276686371926e-03 5.497438868266347e+01
2.098333333333333e+09 4.753657549043848e-03 5.436132668086349e+01
2.100000000000000e+09 4.760097979536187e-03 5.373702620601382e+01
2.101666666666667e+09 4.765540841068634e-03 5.310157526923560e+01
2.103333333333333e+09 4.769927989070263e-03 5.245509365612079e+01
2.105000000000000e+09 4.773200519499107e-03 5.179773471159697e+01
2.106666666666667e+09 4.775299000398437e-03 5.112968686286032e+01
2.108333333333333e+09 4.776163687466891e-03 5.045117544928122e+01
2.110000000000000e+09 4.775734765415137e-03 4.976246515070138e+01
2.111666666666667e+09 4.773952659014534e-03 4.906386274451810e+01
2.113333333333333e+09 4.770758419356793e-03 4.835571960361181e+01
2.115000000000000e+09 4.766094148366929e-03 4.763843355784959e+01
2.116666666666667e+09 4.759903417107850e-03 4.691245026468782e+01
2.118333333333333e+09 4.752131665534620e-03 4.617826457023403e+01
2.120000000000000e+09 4.742726610269852e-03 4.543642219278786e+01
2.121666666666667e+09 4.731638695535542e-03 4.468752160227996e+01
2.123333333333333e+09 4.718821594963651e-03 4.393221565641029e+01
2.125000000000000e+09 4.704232737962886e-03 4.317121266527356e+01
2.126666666666667e+09 4.687833826634407e-03 4.240527693139963e+01
2.128333333333333e+09 4.669591331303460e-03 4.163522904453401e+01
2.130000000000000e+09 4.649476976894037e-03 4.086194607938038e+01
2.131666666666667e+09 4.627468231141911e-03 4.008636153947896e+01
2.133333333333333e+09 4.603548781975060e-03 3.930946479185071e+01
2.135000000000000e+09 4.577708975560560e-03 3.853229998362762e+01
2.136666666666667e+09 4.549946201741155e-03 3.775596473965140e+01
2.138333333333333e+09 4.520265247198833e-03 3.698160889199421e+01
2.140000000000000e+09 4.488678649531272e-03 3.621043301871644e+01
2.141666666666667e+09 4.455207053314521e-03 3.544368610457629e+01
2.143333333333333e+09 4.419879514382065e-03 3.468266173301438e+01
2.145000000000000e+09 4.382733674882200e-03 3.392869295467111e+01
2.146666666666667e+09 4.343815772967072e-03 3.318314676473463e+01
2.148333333333334e+09 4.303180531276793e-03 3.244741918059123e+01
2.150000000000000e+09 4.260891017723347e-03 3.172293103020550e+01
2.151666666666667e+09 4.217018538923915e-03 3.101112340679383e+01
2.153333333333334e+09 4.171642530665311e-03 3.031345135501628e+01
2.155000000000000e+09 4.124850331959163e-03 2.963137520123274e+01
2.156666666666667e+09 4.076736742378849e-03 2.896635041971541e+01
2.158333333333334e+09 4.027403363135867e-03 2.831981779836523e+01
2.160000000000000e+09 3.976957829012379e-03 2.769319513294016e+01
2.161666666666667e+09 3.925513060242654e-03 2.708787013660156e+01
2.163333333333334e+09 3.873186582183225e-03 2.650519300991098e+01
2.165000000000000e+09 3.820099847782029e-03 2.594646726320017e+01
2.166666666666667e+09 3.766377452458522e-03 2.541293880490327e+01
2.168333333333334e+09 3.712146191214587e-03 2.490578476317318e+01
2.170000000000000e+09 3.657534017510693e-03 2.442610371989799e+01
2.171666666666667e+09 3.602669024145724e-03 2.397490785014151e+01
2.173333333333334e+09 3.547678526796120e-03 2.355311598538604e+01
2.175000000000000e+09 3.492688232174126e-03 2.316154621935702e+01
2.176666666666667e+09 3.437821408514938e-03 2.280090771013132e+01
2.178333333333334e+09 3.383198004788587e-03 2.247179281621357e+01
2.180000000000000e+09 3.328933756732026e-03 2.217467121656195e+01
2.181666666666667e+09 3.275139383741278e-03 2.190988668208339e+01
2.183333333333334e+09 3.221919957094528e-03 2.167765557552866e+01
2.185000000000000e+09 3.169374427540131e-03 2.147806544629369e+01
2.186666666666667e+09 3.117595223954987e-03 2.131107295126317e+01
2.188333333333334e+09 3.066667844069296e-03 2.117650199655108e+01
2.190000000000000e+09 3.016670442773926e-03 2.107404390554479e+01
2.191666666666667e+09 2.967673503532730e-03 2.100326068972293e+01
2.193333333333334e+09 2.919739679387213e-03 2.096359075438554e+01
2.195000000000000e+09 2.872923811023402e-03 2.095435519025484e+01
2.196666666666667e+09 2.827273042351795e-03 2.097476326190986e+01
2.198333333333334e+09 2.782826936540364e-03 2.102391738081995e+01
2.200000000000000e+09 2.739617560128438e-03 2.110081920498423e+01
2.201666666666667e+09 2.697669588537400e-03 2.120437830011837e+01
2.203333333333334e+09 2.657000515863935e-03 2.133342321802974e+01
2.205000000000000e+09 2.617621001655902e-03 2.148671331787078e+01
2.206666666666667e+09 2.579535305137067e-03 2.166294951928481e+01
2.208333333333334e+09 2.542741715582111e-03 2.186078350422667e+01
2.210000000000000e+09 2.507232918760748e-03 2.207882647241416e+01
2.211666666666667e+09 2.472996311720117e-03 2.231565905341699e+01
2.213333333333334e+09 2.440014329132487e-03 2.256984306429626e+01
2.215000000000000e+09 2.408264836838999e-03 2.283993435490974e+01
2.216666666666667e+09 2.377721597304502e-03 2.312449520320057e+01
2.218333333333334e+09 2.348354763907769e-03 2.342210509279309e+01
2.220000000000000e+09 2.320131350588491e-03 2.373136972508249e+01
2.221666666666667e+09 2.293015648085368e-03 2.405092891582173e+01
2.223333333333334e+09 2.266969590631918e-03 2.437946414320609e+01
2.225000000000000e+09 2.241953094429943e-03 2.471570613698908e+01
2.226666666666667e+09 2.217924388819199e-03 2.505844246972972e+01
2.228333333333334e+09 2.194840353226568e-03 2.540652486022607e+01
2.230000000000000e+09 2.172656864948041e-03 2.575887576992544e+01
2.231666666666667e+09 2.151329153393857e-03 2.611449380199186e+01
2.233333333333334e+09 2.130812144584184e-03 2.647245751048697e+01
2.235000000000000e+09 2.111060772497766e-03 2.683192761220269e+01
2.236666666666667e+09 2.092030241193665e-03 2.719214810885004e+01
2.238333333333334e+09 2.073676242746643e-03 2.755244705905633e+01
2.240000000000000e+09 2.055955155361821e-03 2.791223741213040e+01
2.241666666666667e+09 2.038824245947434e-03 2.827101764957103e+01
2.243333333333334e+09 2.022241880649565e-03 2.862837156732315e+01
2.245000000000000e+09 2.006167724146869e-03 2.898396677418475e+01
2.246666666666667e+09 1.990562905464475e-03 2.933755215551434e+01
2.248333333333334e+09 1.975390147290556e-03 2.968895498661691e+01
2.250000000000000e+09 1.960613877241732e-03 3.003807812931638e+01
2.251666666666667e+09 1.946200340404537e-03 3.038489706827487e+01
2.253333333333334e+09 1.932117711111870e-03 3.072945617656196e+01
2.255000000000000e+09 1.918336180824648e-03 3.107186399610054e+01
2.256666666666667e+09 1.904828002472930e-03 3.141228812912567e+01
2.258333333333334e+09 1.891567499715114e-03 3.175095070339657e+01
2.260000000000000e+09 1.878531075520800e-03 3.208812479594065e+01
2.261666666666667e+09 1.865697250046413e-03 3.242413111385110e+01
2.263333333333334e+09 1.853046722486381e-03 3.275933367230781e+01
2.265000000000000e+09 1.840562416235051e-03 3.309413382367824e+01
2.266666666666667e+09 1.828229465651702e-03 3.342896333561169e+01
2.268333333333334e+09 1.816035140491168e-03 3.376427808691361e+01
2.270000000000000e+09 1.803968748598002e-03 3.410055348181294e+01
2.271666666666667e+09 1.792021568164919e-03 3.443828120291837e+01
2.273333333333334e+09 1.780186826137729e-03 3.477796572378384e+01
2.275000000000000e+09 1.768459688652616e-03 3.512011919580515e+01
2.276666666666667e+09 1.756837207768317e-03 3.546525481121415e+01
2.278333333333334e+09 1.745318196645031e-03 3.581388025547587e+01
2.280000000000000e+09 1.733903059963545e-03 3.616649306035134e+01
2.281666666666667e+09 1.722593641404929e-03 3.652357832288308e+01
2.283333333333334e+09 1.711393135463044e-03 3.688560745217455e+01
2.285000000000000e+09 1.700306058198473e-03 3.725303582131671e+01
2.286666666666667e+09 1.689338222910483e-03 3.762629806885571e+01
2.288333333333334e+09 1.678496659406862e-03 3.800580161996663e+01
2.290000000000000e+09 1.667789453012960e-03 3.839192038692741e+01
2.291666666666667e+09 1.657225531643341e-03 3.878499059370638e+01
2.293333333333334e+09 1.646814458881802e-03 3.918530938786686e+01
2.295000000000000e+09 1.636566281519662e-03 3.959313535040298e+01
2.296666666666667e+09 1.626491443522314e-03 4.000868920675812e+01
2.298333333333334e+09 1.616600741706748e-03 4.043215332879082e+01
2.300000000000000e+09 1.606905282164445e-03 4.086366961222311e+01
2.301666666666667e+09 1.597416404384880e-03 4.130333633480506e+01
2.303333333333334e+09 1.588145562349728e-03 4.175120514572651e+01
2.305000000000000e+09 1.579104175236228e-03 4.220727927066625e+01
2.306666666666667e+09 1.570303474905437e-03 4.267151347980177e+01
2.308333333333334e+09 1.561754378348215e-03 4.314381563151935e+01
2.310000000000000e+09 1.553467400985212e-03 4.362404899841533e+01
2.311666666666667e+09 1.545452606877947e-03 4.411203440458828e+01
2.313333333333334e+09 1.537719574956243e-03 4.460755157757820e+01
2.315000000000000e+09 1.530277356655380e-03 4.511033984849694e+01
2.316666666666667e+09 1.523134412791318e-03 4.562009895470424e+01
2.318333333333334e+09 1.516298537849429e-03 4.613649077510639e+01
2.320000000000000e+09 1.509776793633991e-03 4.665914229704912e+01
2.321666666666667e+09 1.503575471507948e-03 4.718764937035185e+01
2.323333333333334e+09 1.497700085909233e-03 4.772158040501430e+01
2.325000000000000e+09 1.492155384548265e-03 4.826047938959450e+01
2.326666666666667e+09 1.486945355411943e-03 4.880386822881733e+01
2.328333333333334e+09 1.482073219683592e-03 4.935124891604346e+01
2.330000000000000e+09 1.477541413973036e-03 4.990210611158327e+01
2.331666666666667e+09 1.473351573414449e-03 5.045591035536604e+01
2.333333333333334e+09 1.469504525232042e-03 5.101212176626755e+01
2.335000000000000e+09 1.466000295757352e-03 5.157019396145721e+01
2.336666666666667e+09 1.462838130527953e-03 5.212957802799504e+01
2.338333333333334e+09 1.460016528771679e-03 5.268972642757493e+01
2.340000000000000e+09 1.457533294444330e-03 5.325009655835139e+01
2.341666666666667e+09 1.455385599828449e-03 5.381015351239249e+01
2.343333333333334e+09 1.453570046540285e-03 5.436937170891708e+01
2.345000000000000e+09 1.452082703463630e-03 5.492723567704098e+01
2.346666666666667e+09 1.450919111685109e-03 5.548324094453397e+01
2.348333333333334e+09 1.450074270508899e-03 5.603689611981400e+01
2.350000000000000e+09 1.449542639086399e-03 5.658772648531860e+01
2.351666666666667e+09 1.449318185597265e-03 5.713527814116119e+01
2.353333333333334e+09 1.449394485992163e-03 5.767912092154704e+01
2.355000000000000e+09 1.449764835909968e-03 5.821884876564815e+01
2.356666666666667e+09 1.450422322983307e-03 5.875407784388365e+01
2.358333333333334e+09 1.451359830063089e-03 5.928444438503440e+01
2.360000000000000e+09 1.452569990138108e-03 5.980960446290832e+01
2.361666666666667e+09 1.454045153467549e-03 6.032923653742778e+01
2.363333333333334e+09 1.455777422806400e-03 6.084304528644054e+01
2.365000000000000e+09 1.457758762484322e-03 6.135076397688838e+01
2.366666666666667e+09 1.459981128074581e-03 6.185215345319430e+01
2.368333333333334e+09 1.462436542912583e-03 6.234699825905732e+01
2.370000000000000e+09 1.465117085201995e-03 6.283510257136120e+01
2.371666666666667e+09 1.468014817586338e-03 6.331628872827192e+01
2.373333333333334e+09 1.471121735486600e-03 6.379039900574792e+01
2.375000000000000e+09 1.474429793868362e-03 6.425729861483934e+01
2.376666666666667e+09 1.477931006463284e-03 6.471687685693485e+01
2.378333333333334e+09 1.481617550255378e-03 6.516904487168635e+01
2.380000000000000e+09 1.485481802383038e-03 6.561373122427024e+01
2.381666666666667e+09 1.489516292017857e-03 6.605087836185741e+01
2.383333333333334e+09 1.493713620457734e-03 6.648044221842729e+01
2.385000000000000e+09 1.498066429354392e-03 6.690239457753736e+01
2.386666666666667e+09 1.502567456834408e-03 6.731672544350128e+01
2.388333333333334e+09 1.507209647246259e-03 6.772344259171275e+01
2.390000000000000e+09 1.511986233526424e-03 6.812256773280059e+01
2.391666666666667e+09 1.516890729999071e-03 6.851413146604466e+01
2.393333333333334e+09 1.521916842096205e-03 6.889817019799582e+01
2.395000000000000e+09 1.527058362599681e-03 6.927472671115872e+01
2.396666666666667e+09 1.532309132625037e-03 6.964385333660481e+01
2.398333333333334e+09 1.537663095693390e-03 7.000561485756526e+01
2.400000000000000e+09 1.543114405849108e-03 7.036008864398171e+01
2.401666666666667e+09 1.548657516427134e-03 7.070736162029837e+01
2.403333333333334e+09 1.554287195648528e-03 7.104752581405405e+01
2.405000000000000e+09 1.559998468183755e-03 7.138067492958373e+01
2.406666666666667e+09 1.565786527275222e-03 7.170690339775784e+01
2.408333333333334e+09 1.571646671395439e-03 7.202630763027068e+01
2.410000000000000e+09 1.577574294042553e-03 7.233898800639454e+01
2.411666666666667e+09 1.583564918761358e-03 7.264505006383690e+01
2.413333333333334e+09 1.589614248504802e-03 7.294460419466267e+01
2.415000000000000e+09 1.595718198578169e-03 7.323776413750538e+01
2.416666666666667e+09 1.601872898815554e-03 7.352464511221856e+01
2.418333333333334e+09 1.608074669648029e-03 7.380536240403771e+01
2.420000000000000e+09 1.614319987897095e-03 7.408003078071290e+01
2.421666666666667e+09 1.620605458519513e-03 7.434876464783655e+01
2.423333333333334e+09 1.626927801387073e-03 7.461167855904861e+01
2.425000000000000e+09 1.633283853343861e-03 7.486888767121241e+01
2.426666666666667e+09 1.639670580015503e-03 7.512050788516895e+01
2.428333333333334e+09 1.646085090368602e-03 7.536665558887100e+01
2.430000000000000e+09 1.652524647591003e-03 7.560744703016759e+01
2.431666666666667e+09 1.658986670001282e-03 7.584299742977791e+01
2.433333333333334e+09 1.665468716459269e-03 7.607342009137643e+01
2.435000000000000e+09 1.671968456320214e-03 7.629882594004884e+01
2.436666666666667e+09 1.678483635651505e-03 7.651932389572464e+01
2.438333333333334e+09 1.685012061808963e-03 7.673502205000152e+01
2.440000000000000e+09 1.691551624496382e-03 7.694602890336809e+01
2.441666666666667e+09 1.698100347497767e-03 7.715245351389555e+01
2.443333333333334e+09 1.704656434829840e-03 7.735440389833254e+01
2.445000000000000e+09 1.711218265556160e-03 7.755198434694174e+01
2.446666666666667e+09 1.717784320944265e-03 7.774529351461602e+01
2.448333333333334e+09 1.724353081843106e-03 7.793442504510539e+01
2.450000000000000e+09 1.730922969884482e-03 7.811947077421678e+01
2.451666666666667e+09 1.737492385323182e-03 7.830052439704814e+01
2.453333333333334e+09 1.744059822856469e-03 7.847768273702754e+01
2.455000000000000e+09 1.750623979110076e-03 7.865104336335688e+01
2.456666666666667e+09 1.757183762987801e-03 7.882070021070298e+01
2.458333333333334e+09 1.763738194218892e-03 7.898674064904709e+01
2.460000000000000e+09 1.770286269119888e-03 7.914924641551107e+01
2.461666666666667e+09 1.776826904027665e-03 7.930829761837884e+01
2.463333333333334e+09 1.783359002793973e-03 7.946397635465897e+01
2.465000000000000e+09 1.789881586471053e-03 7.961636677396029e+01
2.466666666666667e+09 1.796393866635441e-03 7.976555155547676e+01
2.468333333333334e+09 1.802895193034703e-03 7.991160800310733e+01
2.470000000000000e+09 1.809384920428441e-03 8.005460733633178e+01
2.471666666666667e+09 1.815862314846632e-03 8.019461782998664e+01
2.473333333333334e+09 1.822326583907580e-03 8.033170887677407e+01
2.475000000000000e+09 1.828776999214407e-03 8.046595217173163e+01
2.476666666666667e+09 1.835212989868778e-03 8.059741895853375e+01
2.478333333333334e+09 1.841634111906535e-03 8.072617611361265e+01
2.480000000000000e+09 1.848039919172323e-03 8.085228509259436e+01
2.481666666666667e+09 1.854429863383267e-03 8.097580508091779e+01
2.483333333333334e+09 1.860803332744268e-03 8.109679749235123e+01
2.485000000000000e+09 1.867159808770027e-03 8.121532727769545e+01
2.486666666666667e+09 1.873498998657053e-03 8.133145917288977e+01
2.488333333333334e+09 1.879820805643170e-03 8.144525176904506e+01
2.490000000000000e+09 1.886125137943700e-03 8.155675471704497e+01
2.491666666666667e+09 1.892411707110784e-03 8.166601202335262e+01
2.493333333333334e+09 1.898679989455387e-03 8.177306915802650e+01
2.495000000000000e+09 1.904929391803897e-03 8.187797824293946e+01
2.496666666666667e+09 1.911159489495445e-03 8.198079708515780e+01
2.498333333333334e+09 1.917370144187126e-03 8.208158299001265e+01
2.500000000000000e+09 1.923561414606743e-03 8.218038654735815e+01
2.501666666666667e+09 1.929733348286523e-03 8.227725024070421e+01
2.503333333333334e+09 1.935885830612545e-03 8.237221231868980e+01
2.505000000000000e+09 1.942018597845147e-03 8.246531202980476e+01
2.506666666666667e+09 1.948131368257200e-03 8.255659185520281e+01
2.508333333333334e+09 1.954223955139294e-03 8.264609576782769e+01
2.510000000000000e+09 1.960296272280380e-03 8.273386622948502e+01
2.511666666666667e+09 1.966348264937631e-03 8.281994311052235e+01
2.513333333333334e+09 1.972379867153262e-03 8.290436493294685e+01
2.515000000000000e+09 1.978391034650707e-03 8.298717004356571e+01
2.516666666666667e+09 1.984381796063493e-03 8.306839559179217e+01
2.518333333333334e+09 1.990352228163276e-03 8.314807518169103e+01
2.520000000000000e+09 1.996302343348577e-03 8.322623836315130e+01
2.521666666666667e+09 2.002231996467937e-03 8.330291382154071e+01
2.523333333333334e+09 2.008140936438410e-03 8.337813410550974e+01
2.525000000000000e+09 2.014029001582539e-03 8.345193712324679e+01
2.526666666666667e+09 2.019896295882012e-03 8.352436172029221e+01
2.528333333333334e+09 2.025743155757697e-03 8.359544020457459e+01
2.530000000000000e+09 2.031569882644110e-03 8.366519457948290e+01
2.531666666666667e+09 2.037376445536947e-03 8.373364115277586e+01
2.533333333333334e+09 2.043162433268120e-03 8.380080106951306e+01
2.535000000000000e+09 2.048927357479681e-03 8.386670821713402e+01
2.536666666666667e+09 2.054671102606277e-03 8.393140680727643e+01
2.538333333333334e+09 2.060394152963697e-03 8.399493892896177e+01
2.540000000000000e+09 2.066097367695124e-03 8.405733113237423e+01
2.541666666666667e+09 2.071781430372351e-03 8.411859096121870e+01
2.543333333333334e+09 2.077446380858345e-03 8.417871711195610e+01
2.545000000000000e+09 2.083091597410690e-03 8.423771614781266e+01
2.546666666666667e+09 2.088716254574298e-03 8.429561329601297e+01
2.548333333333334e+09 2.094319912497897e-03 8.435244939916844e+01
2.550000000000000e+09 2.099902798932593e-03 8.440826689480321e+01
2.551666666666667e+09 2.105465599839847e-03 8.446309590156855e+01
2.553333333333334e+09 2.111008961773801e-03 8.451695057526371e+01
2.555000000000000e+09 2.116533110396539e-03 8.456983707962034e+01
2.556666666666667e+09 2.122037854279428e-03 8.462176543575180e+01
2.558333333333334e+09 2.127522907586922e-03 8.467275552679970e+01
2.560000000000000e+09 2.132988221267626e-03 8.472283357705358e+01
2.561666666666667e+09 2.138434051502166e-03 8.477202368704955e+01
2.563333333333334e+09 2.143860752851272e-03 8.482034237591412e+01
2.565000000000000e+09 2.149268518358465e-03 8.486780030906461e+01
2.566666666666667e+09 2.154657301664515e-03 8.491440856930795e+01
2.568333333333334e+09 2.160026962389314e-03 8.496018324893674e+01
2.570000000000000e+09 2.165377471284370e-03 8.500514454976663e+01
2.571666666666667e+09 2.170708980897465e-03 8.504931209150695e+01
2.573333333333334e+09 2.176021718910932e-03 8.509270136106815e+01
2.575000000000000e+09 2.181315834308974e-03 8.513532445076362e+01
2.576666666666667e+09 2.186591354907729e-03 8.517719365212228e+01
2.578333333333334e+09 2.191848284180835e-03 8.521832378610077e+01
2.580000000000000e+09 2.197086717179142e-03 8.525873086034612e+01
2.581666666666667e+09 2.202306840762409e-03 8.529842875291909e+01
2.583333333333334e+09 2.207508813051317e-03 8.533742780155360e+01
2.585000000000000e+09 2.212692653625235e-03 8.537573716532039e+01
2.586666666666667e+09 2.217858274313222e-03 8.541336869597694e+01
2.588333333333334e+09 2.223005636109902e-03 8.545033813487132e+01
2.590000000000000e+09 2.228134876035502e-03 8.548666192279080e+01
2.591666666666667e+09 2.233246260097457e-03 8.552235248031080e+01
2.593333333333334e+09 2.238339986341286e-03 8.555741683905912e+01
2.595000000000000e+09 2.243416024891700e-03 8.559186061161064e+01
2.596666666666667e+09 2.248474169912353e-03 8.562569397786656e+01
2.598333333333334e+09 2.253514284770472e-03 8.565893383433048e+01
2.600000000000000e+09 2.258536523524229e-03 8.569159935154090e+01
2.601666666666667e+09 2.263541307548571e-03 8.572370436949966e+01
2.603333333333334e+09 2.268529048857360e-03 8.575525350141909e+01
2.605000000000000e+09 2.273499852336081e-03 8.578624591827514e+01
2.606666666666667e+09 2.278453466554460e-03 8.581668388349816e+01
2.608333333333334e+09 2.283389537413409e-03 8.584657856534045e+01
2.610000000000000e+09 2.288307942210593e-03 8.587594791983435e+01
2.611666666666667e+09 2.293208904054675e-03 8.590480862923961e+01
2.613333333333334e+09 2.298092788011305e-03 8.593316953220675e+01
2.615000000000000e+09 2.302959775921802e-03 8.596103250030478e+01
2.616666666666667e+09 2.307809726487063e-03 8.598839964403612e+01
2.618333333333334e+09 2.312642344987108e-03 8.601527980386432e+01
2.620000000000000e+09 2.317457488081128e-03 8.604168818255141e+01
2.621666666666667e+09 2.322255303610845e-03 8.606763978044474e+01
2.623333333333334e+09 2.327036074746784e-03 8.609314331208311e+01
2.625000000000000e+09 2.331799933055655e-03 8.611820160737584e+01
2.626666666666667e+09 2.336546731856522e-03 8.614281788396448e+01
2.628333333333334e+09 2.341276203914466e-03 8.616700140018891e+01
2.630000000000000e+09 2.345988237043729e-03 8.619076676988016e+01
2.631666666666667e+09 2.350682983680076e-03 8.621412778858331e+01
2.633333333333334e+09 2.355360695272445e-03 8.623709221847331e+01
2.635000000000000e+09 2.360021457648670e-03 8.625966285533899e+01
2.636666666666667e+09 2.364665102335285e-03 8.628184357998656e+01
2.638333333333334e+09 2.369291378336357e-03 8.630364394580795e+01
2.640000000000000e+09 2.373900191415930e-03 8.632507760633821e+01
2.641666666666667e+09 2.378491650789927e-03 8.634615665245872e+01
2.643333333333334e+09 2.383065881354467e-03 8.636688839053609e+01
2.645000000000000e+09 2.387622827926613e-03 8.638727828403894e+01
2.646666666666667e+09 2.392162296276120e-03 8.640733559595537e+01
2.648333333333334e+09 2.396684206981012e-03 8.642707464444557e+01
2.650000000000000e+09 2.401188766672365e-03 8.644650900912588e+01
2.651666666666667e+09 2.405676301316279e-03 8.646564430162641e+01
2.653333333333334e+09 2.410146845632820e-03 8.648447826417279e+01
2.655000000000000e+09 2.414599894013803e-03 8.650301065775223e+01
2.656666666666667e+09 2.419034641655536e-03 8.652125514108424e+01
2.658333333333334e+09 2.423450603450285e-03 8.653924152094746e+01
2.660000000000000e+09 2.427848100737945e-03 8.655700419054038e+01
2.661666666666667e+09 2.432228157225573e-03 8.657456506163113e+01
2.663333333333334e+09 2.436591836288085e-03 8.659192510876474e+01
2.665000000000000e+09 2.440939544355379e-03 8.660907185617410e+01
2.666666666666667e+09 2.445270861951895e-03 8.662599661994214e+01
2.668333333333334e+09 2.449585007510316e-03 8.664270732610132e+01
2.670000000000000e+09 2.453881508125483e-03 8.665922731008233e+01
2.671666666666667e+09 2.458160521481250e-03 8.667558301156743e+01
2.673333333333334e+09 2.462422612669061e-03 8.669179230637162e+01
2.675000000000000e+09 2.466668277662780e-03 8.670786289219565e+01
2.676666666666667e+09 2.470897674262215e-03 8.672379992571101e+01
2.678333333333334e+09 2.475110757106131e-03 8.673961410030931e+01
2.680000000000000e+09 2.479307610887195e-03 8.675532253447342e+01
2.681666666666667e+09 2.483488624637415e-03 8.677094288897030e+01
2.683333333333334e+09 2.487654358776271e-03 8.678648758969079e+01
2.685000000000000e+09 2.491805280600418e-03 8.680196396268491e+01
2.686666666666667e+09 2.495941655638520e-03 8.681737944744864e+01
2.688333333333334e+09 2.500063695477434e-03 8.683274597099982e+01
2.690000000000000e+09 2.504171791500975e-03 8.684807890439129e+01
2.691666666666667e+09 2.508266585759782e-03 8.686339187811258e+01
2.693333333333334e+09 2.512348808407559e-03 8.687869291600840e+01
2.695000000000000e+09 2.516419051412539e-03 8.689398581451256e+01
2.696666666666667e+09 2.520477708970863e-03 8.690927531257636e+01
2.698333333333334e+09 2.524525146196577e-03 8.692457085902733e+01
2.700000000000000e+09 2.528561934709646e-03 8.693988521684963e+01
2.701666666666667e+09 2.532588932267200e-03 8.695522909293780e+01
2.703333333333334e+09 2.536607131782224e-03 8.697060660224884e+01
2.705000000000000e+09 2.540617412892133e-03 8.698601544064455e+01
2.706666666666667e+09 2.544620405330419e-03 8.700145136121867e+01
2.708333333333334e+09 2.548616563282450e-03 8.701691300038742e+01
2.710000000000000e+09 2.552606368849738e-03 8.703240323992215e+01
2.711666666666667e+09 2.556590491747687e-03 8.704792650867532e+01
2.713333333333334e+09 2.560569792030466e-03 8.706348461437646e+01
2.715000000000000e+09 2.564545188647458e-03 8.707907431691652e+01
2.716666666666667e+09 2.568517507793906e-03 8.709468795430912e+01
2.718333333333334e+09 2.572487412886711e-03 8.711031603062473e+01
2.720000000000000e+09 2.576455438327190e-03 8.712594965295364e+01
2.721666666666667e+09 2.580422077306538e-03 8.714158136972625e+01
2.723333333333334e+09 2.584387854523485e-03 8.715720432782628e+01
2.725000000000000e+09 2.588353340843995e-03 8.717281065864195e+01
2.726666666666667e+09 2.592319107894546e-03 8.718839024057432e+01
2.728333333333334e+09 2.596285653702314e-03 8.720393063233324e+01
2.730000000000000e+09 2.600253346325231e-03 8.721941828131318e+01
2.731666666666667e+09 2.604222424458483e-03 8.723484032252756e+01
2.733333333333334e+09 2.608193059798946e-03 8.725018579108236e+01
2.735000000000000e+09 2.612165440666259e-03 8.726544533304249e+01
2.736666666666667e+09 2.616139813782685e-03 8.728060954706828e+01
2.738333333333334e+09 2.620116447226624e-03 8.729566721686868e+01
2.740000000000000e+09 2.624095539300153e-03 8.731060490645405e+01
2.741666666666667e+09 2.628077145065204e-03 8.732540834996142e+01
2.743333333333334e+09 2.632061180174798e-03 8.734006458080532e+01
2.745000000000000e+09 2.636047497100364e-03 8.735456312850937e+01
2.746666666666667e+09 2.640035968611901e-03 8.736889545178649e+01
2.748333333333334e+09 2.644026511979444e-03 8.738305331017266e+01
2.750000000000000e+09 2.648019044205543e-03 8.739702759161815e+01
2.751666666666667e+09 2.652013418305349e-03 8.741080851670063e+01
2.753333333333334e+09 2.656009398255564e-03 8.742438681236628e+01
2.755000000000000e+09 2.660006685098211e-03 8.743775471159317e+01
2.756666666666667e+09 2.664004959679997e-03 8.745090609714863e+01
2.758333333333334e+09 2.668003905326154e-03 8.746383609894066e+01
2.760000000000000e+09 2.672003210219727e-03 8.747654083671945e+01
2.761666666666667e+09 2.676002575835631e-03 8.748901744026622e+01
2.763333333333334e+09 2.680001740985809e-03 8.750126379155901e+01
2.765000000000000e+09 2.684000492564648e-03 8.751327760075250e+01
2.766666666666667e+09 2.687998627103144e-03 8.752505539315031e+01
2.768333333333334e+09 2.691995872938609e-03 8.753659260288426e+01
2.770000000000000e+09 2.695991838386028e-03 8.754788526978307e+01
2.771666666666667e+09 2.699986050266842e-03 8.755893224894025e+01
2.773333333333334e+09 2.703978073920304e-03 8.756973596230493e+01
2.775000000000000e+09 2.707967623464081e-03 8.758030069118105e+01
2.776666666666667e+09 2.711954564764046e-03 8.759062956762808e+01
2.778333333333334e+09 2.715938801631873e-03 8.760072274978992e+01
2.780000000000000e+09 2.719920141404186e-03 8.761057834150198e+01
2.781666666666667e+09 2.723898256782039e-03 8.762019516292385e+01
2.783333333333334e+09 2.727872771481781e-03 8.762957480796915e+01
2.785000000000000e+09 2.731843381416439e-03 8.763872119278039e+01
2.786666666666667e+09 2.735809894408405e-03 8.764763828851170e+01
2.788333333333334e+09 2.739772159131665e-03 8.765632846958157e+01
2.790000000000000e+09 2.743729969463304e-03 8.766479313141399e+01
2.791666666666667e+09 2.747683053973070e-03 8.767303473017068e+01
2.793333333333334e+09 2.751631164811235e-03 8.768105779436463e+01
2.795000000000000e+09 2.755574164586023e-03 8.768886753080608e+01
2.796666666666667e+09 2.759512000899958e-03 8.769646738229257e+01
2.798333333333334e+09 2.763444576528057e-03 8.770385837863591e+01
2.800000000000000e+09 2.767371650996871e-03 8.771104152641669e+01
2.801666666666667e+09 2.771292903704759e-03 8.771802115175305e+01
2.803333333333334e+09 2.775208133337334e-03 8.772480547743713e+01
2.805000000000000e+09 2.779117407194111e-03 8.773140288113457e+01
2.806666666666667e+09 2.783020980247191e-03 8.773781660586828e+01
2.808333333333334e+09 2.786919001935554e-03 8.774404300907266e+01
2.810000000000000e+09 2.790811249036575e-03 8.775007600070741e+01
2.811666666666667e+09 2.794697147395301e-03 8.775591478747771e+01
2.813333333333334e+09 2.798576118861525e-03 8.776156836010550e+01
2.815000000000000e+09 2.802447993912580e-03 8.776705212289347e+01
2.816666666666667e+09 2.806313134136494e-03 8.777237853244181e+01
2.818333333333334e+09 2.810172122735157e-03 8.777754913261303e+01
2.820000000000000e+09 2.814025241742840e-03 8.778255488903979e+01
2.821666666666667e+09 2.817872154015191e-03 8.778738522232844e+01
2.823333333333334e+09 2.821712063535763e-03 8.779203891948305e+01
2.825000000000000e+09 2.825544248605324e-03 8.779652829685853e+01
2.826666666666667e+09 2.829368562041007e-03 8.780087321325124e+01
2.828333333333334e+09 2.833185518878637e-03 8.780508947562966e+01
2.830000000000000e+09 2.836995917744128e-03 8.780918033460479e+01
2.831666666666667e+09 2.840800294103768e-03 8.781313696752201e+01
2.833333333333334e+09 2.844598601990144e-03 8.781694675529968e+01
2.835000000000000e+09 2.848390310428031e-03 8.782060269122333e+01
2.836666666666667e+09 2.852174778721402e-03 8.782410746564622e+01
2.838333333333334e+09 2.855951604212422e-03 8.782747071286043e+01
2.840000000000000e+09 2.859720723847208e-03 8.783070301941913e+01
2.841666666666667e+09 2.863482281108298e-03 8.783381160646294e+01
2.843333333333334e+09 2.867236433271934e-03 8.783679990043267e+01
2.845000000000000e+09 2.870983256737833e-03 8.783966957874340e+01
2.846666666666667e+09 2.874722770250737e-03 8.784242230641080e+01
2.848333333333334e+09 2.878454986159672e-03 8.784505981727628e+01
2.850000000000000e+09 2.882179908520066e-03 8.784758320103248e+01
2.851666666666667e+09 2.885897485682372e-03 8.784999295485086e+01
2.853333333333334e+09 2.889607587455208e-03 8.785229017875061e+01
2.855000000000000e+09 2.893310051631559e-03 8.785447778877885e+01
2.856666666666667e+09 2.897004768291601e-03 8.785656044188300e+01
2.858333333333334e+09 2.900691727788494e-03 8.785854310893868e+01
2.860000000000000e+09 2.904370992172290e-03 8.786042952857409e+01
2.861666666666667e+09 2.908042621670046e-03 8.786222181202361e+01
2.863333333333334e+09 2.911706624255336e-03 8.786392129769486e+01
2.865000000000000e+09 2.915362964777744e-03 8.786552961403378e+01
2.866666666666667e+09 2.919011607586570e-03 8.786704890249402e+01
2.868333333333334e+09 2.922652537211534e-03 8.786848117162515e+01
2.870000000000000e+09 2.926285731392219e-03 8.786982769390458e+01
2.871666666666667e+09 2.929911115103662e-03 8.787108928571469e+01
2.873333333333334e+09 2.933528546966082e-03 8.787226736484978e+01
2.875000000000000e+09 2.937137859169440e-03 8.787336484835450e+01
2.876666666666667e+09 2.940738920483615e-03 8.787438605386326e+01
2.878333333333334e+09 2.944331669635551e-03 8.787533567294561e+01
2.880000000000000e+09 2.947916093427480e-03 8.787621771187808e+01
2.881666666666667e+09 2.951492173482189e-03 8.787703528465829e+01
2.883333333333334e+09 2.955059851683417e-03 8.787779134565929e+01
2.885000000000000e+09 2.958619045279691e-03 8.787848961271708e+01
2.886666666666667e+09 2.962169697231792e-03 8.787913478321128e+01
2.888333333333334e+09 2.965711815626633e-03 8.787973177548785e+01
2.890000000000000e+09 2.969245463654896e-03 8.788028457797536e+01
2.891666666666667e+09 2.972770701313956e-03 8.788079566438951e+01
2.893333333333334e+09 2.976287519998697e-03 8.788126654929459e+01
2.895000000000000e+09 2.979795820948308e-03 8.788169920610770e+01
2.896666666666667e+09 2.983295459977394e-03 8.788209737263367e+01
2.898333333333334e+09 2.986786332911196e-03 8.788246674817364e+01
2.900000000000000e+09 2.990268442354208e-03 8.788281381233173e+01
2.901666666666667e+09 2.993741893636744e-03 8.788314401062071e+01
2.903333333333334e+09 2.997206816036945e-03 8.788346062217190e+01
2.905000000000000e+09 3.000663263022526e-03 8.788376524027468e+01
2.906666666666667e+09 3.004111167445925e-03 8.788405962138457e+01
2.908333333333334e+09 3.007550390710174e-03 8.788434754111138e+01
2.910000000000000e+09 3.010980831504458e-03 8.788463518445606e+01
2.911666666666667e+09 3.014402508056768e-03 8.788492971923533e+01
2.913333333333334e+09 3.017815545876140e-03 8.788523722157963e+01
2.915000000000000e+09 3.021220082250403e-03 8.788556172971710e+01
2.916666666666667e+09 3.024616173534784e-03 8.788590625691440e+01
2.918333333333334e+09 3.028003792093782e-03 8.788627482574172e+01
2.920000000000000e+09 3.031382919255597e-03 8.788667357718428e+01
2.921666666666667e+09 3.034753648164700e-03 8.788710978119148e+01
2.923333333333334e+09 3.038116193780155e-03 8.788758953972810e+01
2.925000000000000e+09 3.041470789245861e-03 8.788811633005852e+01
2.926666666666667e+09 3.044817557212468e-03 8.788869191346295e+01
2.928333333333334e+09 3.048156476926429e-03 8.788931897578297e+01
2.930000000000000e+09 3.051487485135598e-03 8.789000315883800e+01
2.931666666666667e+09 3.054810623318344e-03 8.789075259200109e+01
2.933333333333334e+09 3.058126095775878e-03 8.789157535233649e+01
2.935000000000000e+09 3.061434185673151e-03 8.789247730748907e+01
2.936666666666667e+09 3.064735116247165e-03 8.789346249242756e+01
2.938333333333334e+09 3.068029005688899e-03 8.789453567356117e+01
2.940000000000000e+09 3.071315978093055e-03 8.789570441064966e+01
2.941666666666667e+09 3.074596333415606e-03 8.789697813324169e+01
2.943333333333334e+09 3.077870601583320e-03 8.789836454579142e+01
2.945000000000000e+09 3.081139397517784e-03 8.789986650201790e+01
2.946666666666667e+09 3.084403181401265e-03 8.790148250540734e+01
2.948333333333334e+09 3.087662135680708e-03 8.790321088295646e+01
2.950000000000000e+09 3.090916283300978e-03 8.790505418459736e+01
2.951666666666667e+09 3.094165756699655e-03 8.790701984282039e+01
2.953333333333334e+09 3.097410980485019e-03 8.790911633201374e+01
2.955000000000000e+09 3.100652597943461e-03 8.791134820438778e+01
2.956666666666667e+09 3.103891202846902e-03 8.791371457224555e+01
2.958333333333334e+09 3.107127123416652e-03 8.791621255326226e+01
2.960000000000000e+09 3.110360466254113e-03 8.791884257087369e+01
2.961666666666667e+09 3.113591390379208e-03 8.792161051637881e+01
2.963333333333334e+09 3.116820361574828e-03 8.792452454638745e+01
2.965000000000000e+09 3.120048144942808e-03 8.792758928434849e+01
2.966666666666667e+09 3.123275531853098e-03 8.793080276574672e+01
2.968333333333334e+09 3.126503049740450e-03 8.793415906310469e+01
2.970000000000000e+09 3.129730929547111e-03 8.793765421989686e+01
2.971666666666667e+09 3.132959369948669e-03 8.794128983841532e+01
2.973333333333334e+09 3.136188851348805e-03 8.794507063906190e+01
2.975000000000000e+09 3.139420186255713e-03 8.794899794072141e+01
2.976666666666667e+09 3.142654222605719e-03 8.795306516413565e+01
2.978333333333334e+09 3.145891444498781e-03 8.795726011504449e+01
2.980000000000000e+09 3.149131839731519e-03 8.796157286548201e+01
2.981666666666667e+09 3.152375196272981e-03 8.796600272056467e+01
2.983333333333334e+09 3.155621618781317e-03 8.797055793028021e+01
2.985000000000000e+09 3.158871845169541e-03 8.797524761744044e+01
2.986666666666667e+09 3.162127084998076e-03 8.798007196744101e+01
2.988333333333334e+09 3.165388484174363e-03 8.798501840644546e+01
2.990000000000000e+09 3.168656622481748e-03 8.799006679703122e+01
2.991666666666667e+09 3.171931419888787e-03 8.799519956231514e+01
2.993333333333334e+09 3.175212497351997e-03 8.800040902692476e+01
2.995000000000000e+09 3.178499689554274e-03 8.800569692187554e+01
2.996666666666667e+09 3.181793322503230e-03 8.801106738682560e+01
2.998333333333334e+09 3.185094093478477e-03 8.801651948505062e+01
3.000000000000000e+09 3.188402712559949e-03 8.802204466974584e+01
