2.000000000000000e+09 3.115290505978457e-09 -1.053300636026043e+02
2.001666666666667e+09 3.109268277277256e-09 -1.053541246146002e+02
2.003333333333333e+09 3.103198024338498e-09 -1.053778012648121e+02
2.005000000000000e+09 3.097078883288793e-09 -1.054010664756524e+02
2.006666666666667e+09 3.090909992969252e-09 -1.054238918098766e+02
2.008333333333333e+09 3.084690495898345e-09 -1.054462474039218e+02
2.010000000000000e+09 3.078419540095163e-09 -1.054681018759567e+02
2.011666666666667e+09 3.072096282882142e-09 -1.054894222345781e+02
2.013333333333333e+09 3.065719895745875e-09 -1.055101738222615e+02
2.015000000000000e+09 3.059289567967197e-09 -1.055303202945228e+02
2.016666666666667e+09 3.052804507771996e-09 -1.055498235943053e+02
2.018333333333333e+09 3.046263942358387e-09 -1.055686438772832e+02
2.020000000000000e+09 3.039667119670537e-09 -1.055867393863222e+02
2.021666666666667e+09 3.033013313511789e-09 -1.056040663217099e+02
2.023333333333333e+09 3.026301830649766e-09 -1.056205787583523e+02
2.025000000000000e+09 3.019532016872431e-09 -1.056362286149368e+02
2.026666666666667e+09 3.012703260253830e-09 -1.056509656278259e+02
2.028333333333333e+09 3.005814992942787e-09 -1.056647372763801e+02
2.030000000000000e+09 2.998866694576605e-09 -1.056774886531934e+02
2.031666666666667e+09 2.991857899174778e-09 -1.056891623262590e+02
2.033333333333333e+09 2.984788204339709e-09 -1.056996982474605e+02
2.035000000000000e+09 2.977657279792514e-09 -1.057090337163224e+02
2.036666666666667e+09 2.970464873442033e-09 -1.057171033555111e+02
2.038333333333333e+09 2.963210816084797e-09 -1.057238390470916e+02
2.040000000000000e+09 2.955895027546773e-09 -1.057291698221595e+02
2.041666666666667e+09 2.948517525947732e-09 -1.057330217464876e+02
2.043333333333333e+09 2.941078439014707e-09 -1.057353178512349e+02
2.045000000000000e+09 2.933578014788496e-09 -1.057359781153424e+02
2.046666666666667e+09 2.926016630213385e-09 -1.057349194584989e+02
2.048333333333333e+09 2.918394798780072e-09 -1.057320556984394e+02
2.050000000000000e+09 2.910713179927147e-09 -1.057272974688273e+02
2.051666666666667e+09 2.902972591794134e-09 -1.057205521421461e+02
2.053333333333333e+09 2.895174026260256e-09 -1.057117238093596e+02
2.055000000000000e+09 2.887318663537238e-09 -1.057007133280849e+02
2.056666666666667e+09 2.879407884434553e-09 -1.056874184019124e+02
2.058333333333333e+09 2.871443280915606e-09 -1.056717336402228e+02
2.060000000000000e+09 2.863426667425843e-09 -1.056535505806663e+02
2.061666666666667e+09 2.855360095141022e-09 -1.056327577045081e+02
2.063333333333333e+09 2.847245869219472e-09 -1.056092404974757e+02
2.065000000000000e+09 2.839086567170728e-09 -1.055828815905969e+02
2.066666666666667e+09 2.830885056047150e-09 -1.055535609761978e+02
2.068333333333333e+09 2.822644507343450e-09 -1.055211562654630e+02
2.070000000000000e+09 2.814368410135882e-09 -1.054855429530310e+02
2.071666666666667e+09 2.806060583981934e-09 -1.054465946753043e+02
2.073333333333333e+09 2.797725193045791e-09 -1.054041834755615e+02
2.075000000000000e+09 2.789366762082214e-09 -1.053581801067940e+02
2.076666666666667e+09 2.780990193775400e-09 -1.053084544066605e+02
2.078333333333333e+09 2.772600785934981e-09 -1.052548757668834e+02
2.080000000000000e+09 2.764204246679506e-09 -1.051973136948963e+02
2.081666666666667e+09 2.755806706363481e-09 -1.051356384396302e+02
2.083333333333333e+09 2.747414726482107e-09 -1.050697216434820e+02
2.085000000000000e+09 2.739035307212572e-09 -1.049994370008697e+02
2.086666666666667e+09 2.730675895445626e-09 -1.049246609420025e+02
2.088333333333333e+09 2.722344393709103e-09 -1.048452733904681e+02
2.090000000000000e+09 2.714049168236836e-09 -1.047611586376830e+02
2.091666666666667e+09 2.705799053326620e-09 -1.046722063356940e+02
2.093333333333333e+09 2.697603350105631e-09 -1.045783125635761e+02
2.095000000000000e+09 2.689471820202049e-09 -1.044793809107036e+02
2.096666666666667e+09 2.681414676630952e-09 -1.043753235544495e+02
2.098333333333333e+09 2.673442573843366e-09 -1.042660623624952e+02
2.100000000000000e+09 2.665566596570166e-09 -1.041515300751795e+02
2.101666666666667e+09 2.657798244736941e-09 -1.040316715969350e+02
2.103333333333333e+09 2.650149411354872e-09 -1.039064453670883e+02
2.105000000000000e+09 2.642632352299285e-09 -1.037758247363681e+02
2.106666666666667e+09 2.635259649694948e-09 -1.036397992823901e+02
2.108333333333333e+09 2.628044171982943e-09 -1.034983760499238e+02
2.110000000000000e+09 2.620999032555042e-09 -1.033515807576070e+02
2.111666666666667e+09 2.614137546034356e-09 -1.031994590265079e+02
2.113333333333333e+09 2.607473179064419e-09 -1.030420776449445e+02
2.115000000000000e+09 2.601019492601179e-09 -1.028795258179616e+02
2.116666666666667e+09 2.594790075166444e-09 -1.027119163085442e+02
2.118333333333333e+09 2.588798469511322e-09 -1.025393863930493e+02
2.120000000000000e+09 2.583058096392717e-09 -1.023620986150702e+02
2.121666666666667e+09 2.577582177658401e-09 -1.021802413830933e+02
2.123333333333333e+09 2.572383657653109e-09 -1.019940294683211e+02
2.125000000000000e+09 2.567475119603030e-09 -1.018037044061908e+02
2.126666666666667e+09 2.562868694210468e-09 -1.016095347255906e+02
2.128333333333333e+09 2.558575961117009e-09 -1.014118158873897e+02
2.130000000000000e+09 2.554607847731268e-09 -1.012108698500609e+02
2.131666666666667e+09 2.550974531059571e-09 -1.010070442759852e+02
2.133333333333333e+09 2.547685345406353e-09 -1.008007114759360e+02
2.135000000000000e+09 2.544748694060499e-09 -1.005922671913197e+02
2.136666666666667e+09 2.542171960182171e-09 -1.003821292258914e+02
2.138333333333333e+09 2.539961413684359e-09 -1.001707358286749e+02
2.140000000000000e+09 2.538122116031117e-09 -9.995854369039658e+01
2.141666666666667e+09 2.536657829559214e-09 -9.974602548659399e+01
2.143333333333333e+09 2.535570938352687e-09 -9.953366703044290e+01
2.145000000000000e+09 2.534862383515685e-09 -9.932196418472439e+01
2.146666666666667e+09 2.534531610424861e-09 -9.911141965838533e+01
2.148333333333334e+09 2.534576523613145e-09 -9.890253970611515e+01
2.150000000000000e+09 2.534993447815760e-09 -9.869583065714266e+01
2.151666666666667e+09 2.535777098677690e-09 -9.849179520387189e+01
2.153333333333334e+09 2.536920569268166e-09 -9.829092847642478e+01
2.155000000000000e+09 2.538415336715357e-09 -9.809371403085169e+01
2.156666666666667e+09 2.540251288855070e-09 -9.790061990237953e+01
2.158333333333334e+09 2.542416767768174e-09 -9.771209481221551e+01
2.160000000000000e+09 2.544898627767817e-09 -9.752856453674882e+01
2.161666666666667e+09 2.547682308419206e-09 -9.735042842839162e+01
2.163333333333334e+09 2.550751925064717e-09 -9.717805612882239e+01
2.165000000000000e+09 2.554090378014233e-09 -9.701178457767355e+01
2.166666666666667e+09 2.557679478304907e-09 -9.685191542499071e+01
2.168333333333334e+09 2.561500085897327e-09 -9.669871289701970e+01
2.170000000000000e+09 2.565532257146450e-09 -9.655240210015099e+01
2.171666666666667e+09 2.569755401006889e-09 -9.641316773943825e+01
2.173333333333334e+09 2.574148444618553e-09 -9.628115327838701e+01
2.175000000000000e+09 2.578690007042013e-09 -9.615646061614372e+01
2.176666666666667e+09 2.583358576463137e-09 -9.603915034548859e+01
2.178333333333334e+09 2.588132684334514e-09 -9.592924257878251e+01
2.180000000000000e+09 2.592991071403974e-09 -9.582671824919275e+01
2.181666666666667e+09 2.597912844065404e-09 -9.573152077406684e+01
2.183333333333334e+09 2.602877621917739e-09 -9.564355801298659e+01
2.185000000000000e+09 2.607865677015464e-09 -9.556270451299447e+01
2.186666666666667e+09 2.612858062996618e-09 -9.548880405060055e+01
2.188333333333334e+09 2.617836730599754e-09 -9.542167244514530e+01
2.190000000000000e+09 2.622784626533140e-09 -9.536110057065022e+01
2.191666666666667e+09 2.627685774492538e-09 -9.530685747611371e+01
2.193333333333334e+09 2.632525338510595e-09 -9.525869354046598e+01
2.195000000000000e+09 2.637289668990425e-09 -9.521634360707080e+01
2.196666666666667e+09 2.641966331684087e-09 -9.517953004053376e+01
2.198333333333334e+09 2.646544120780348e-09 -9.514796563939218e+01
2.200000000000000e+09 2.651013058911902e-09 -9.512135635480082e+01
2.201666666666667e+09 2.655364387523071e-09 -9.509940381480750e+01
2.203333333333334e+09 2.659590549389483e-09 -9.508180769913305e+01
2.205000000000000e+09 2.663685162205077e-09 -9.506826800302989e+01
2.206666666666667e+09 2.667642980817747e-09 -9.505848716696615e+01
2.208333333333334e+09 2.671459847690789e-09 -9.505217198663894e+01
2.210000000000000e+09 2.675132635140310e-09 -9.504903522140773e+01
2.211666666666667e+09 2.678659185242715e-09 -9.504879689849355e+01
2.213333333333334e+09 2.682038251543769e-09 -9.505118540072938e+01
2.215000000000000e+09 2.685269442116288e-09 -9.505593844477902e+01
2.216666666666667e+09 2.688353160240278e-09 -9.506280398457828e+01
2.218333333333334e+09 2.691290540139564e-09 -9.507154097848354e+01
2.220000000000000e+09 2.694083379754030e-09 -9.508191993212638e+01
2.221666666666667e+09 2.696734076030219e-09 -9.509372320197008e+01
2.223333333333334e+09 2.699245567059631e-09 -9.510674515004847e+01
2.225000000000000e+09 2.701621280385046e-09 -9.512079227605464e+01
2.226666666666667e+09 2.703865082569577e-09 -9.513568338042073e+01
2.228333333333334e+09 2.705981225754187e-09 -9.515124969712357e+01
2.230000000000000e+09 2.707974291901865e-09 -9.516733488722076e+01
2.231666666666667e+09 2.709849139968275e-09 -9.518379485109767e+01
2.233333333333334e+09 2.711610860859164e-09 -9.520049743615934e+01
2.235000000000000e+09 2.713264739910644e-09 -9.521732217197820e+01
2.236666666666667e+09 2.714816221586301e-09 -9.523416010007124e+01
2.238333333333334e+09 2.716270871012776e-09 -9.525091363919047e+01
2.240000000000000e+09 2.717634332075544e-09 -9.526749635914028e+01
2.241666666666667e+09 2.718912287279766e-09 -9.528383259314953e+01
2.243333333333334e+09 2.720110425178673e-09 -9.529985694858651e+01
2.245000000000000e+09 2.721234416192595e-09 -9.531551385570653e+01
2.246666666666667e+09 2.722289891693256e-09 -9.533075724729204e+01
2.248333333333334e+09 2.723282419873415e-09 -9.534555033072208e+01
2.250000000000000e+09 2.724217476416233e-09 -9.535986531965663e+01
2.251666666666667e+09 2.725100414119584e-09 -9.537368302105806e+01
2.253333333333334e+09 2.725936437765470e-09 -9.538699229509788e+01
2.255000000000000e+09 2.726730586867228e-09 -9.539978950573959e+01
2.256666666666667e+09 2.727487723116088e-09 -9.541207806800954e+01
2.258333333333334e+09 2.728212516834736e-09 -9.542386809152933e+01
2.260000000000000e+09 2.728909429639114e-09 -9.543517602301407e+01
2.261666666666667e+09 2.729582695753334e-09 -9.544602419227532e+01
2.263333333333334e+09 2.730236306951828e-09 -9.545644025793646e+01
2.265000000000000e+09 2.730874003743042e-09 -9.546645663769161e+01
2.266666666666667e+09 2.731499270765429e-09 -9.547611000979029e+01
2.268333333333334e+09 2.732115332051709e-09 -9.548544089232456e+01
2.270000000000000e+09 2.732725143891946e-09 -9.549449322807858e+01
2.271666666666667e+09 2.733331387170757e-09 -9.550331390165515e+01
2.273333333333334e+09 2.733936463079443e-09 -9.551195218810309e+01
2.275000000000000e+09 2.734542494171275e-09 -9.552045920241163e+01
2.276666666666667e+09 2.735151329006151e-09 -9.552888741826679e+01
2.278333333333334e+09 2.735764546937381e-09 -9.553729025855667e+01
2.280000000000000e+09 2.736383461473960e-09 -9.554572170021021e+01
2.281666666666667e+09 2.737009123942273e-09 -9.555423584302750e+01
2.283333333333334e+09 2.737642330337700e-09 -9.556288645540444e+01
2.285000000000000e+09 2.738283632094191e-09 -9.557172655988128e+01
2.286666666666667e+09 2.738933348341019e-09 -9.558080810339229e+01
2.288333333333334e+09 2.739591576497042e-09 -9.559018168811386e+01
2.290000000000000e+09 2.740258200720841e-09 -9.559989629114051e+01
2.291666666666667e+09 2.740932901184275e-09 -9.560999892812471e+01
2.293333333333334e+09 2.741615167791623e-09 -9.562053429581108e+01
2.295000000000000e+09 2.742304318892570e-09 -9.563154448370271e+01
2.296666666666667e+09 2.742999521512614e-09 -9.564306881886098e+01
2.298333333333334e+09 2.743699808470127e-09 -9.565514382076397e+01
2.300000000000000e+09 2.744404090636695e-09 -9.566780317508881e+01
2.301666666666667e+09 2.745111166866491e-09 -9.568107764877567e+01
2.303333333333334e+09 2.745819735854981e-09 -9.569499494924568e+01
2.305000000000000e+09 2.746528411928447e-09 -9.570957960170543e+01
2.306666666666667e+09 2.747235742838790e-09 -9.572485291568360e+01
2.308333333333334e+09 2.747940225797379e-09 -9.574083304337593e+01
2.310000000000000e+09 2.748640319785055e-09 -9.575753506750064e+01
2.311666666666667e+09 2.749334455619594e-09 -9.577497105660566e+01
2.313333333333334e+09 2.750021046884261e-09 -9.579315008596745e+01
2.315000000000000e+09 2.750698503147548e-09 -9.581207827918239e+01
2.316666666666667e+09 2.751365243766443e-09 -9.583175892266894e+01
2.318333333333334e+09 2.752019709169211e-09 -9.585219264775732e+01
2.320000000000000e+09 2.752660368190779e-09 -9.587337762202151e+01
2.321666666666667e+09 2.753285723028056e-09 -9.589530969530048e+01
2.323333333333334e+09 2.753894314687459e-09 -9.591798250029058e+01
2.325000000000000e+09 2.754484730222651e-09 -9.594138755636561e+01
2.326666666666667e+09 2.755055610341680e-09 -9.596551442016350e+01
2.328333333333334e+09 2.755605654929601e-09 -9.599035087565453e+01
2.330000000000000e+09 2.756133625696708e-09 -9.601588311470417e+01
2.331666666666667e+09 2.756638347706446e-09 -9.604209587097164e+01
2.333333333333334e+09 2.757118712209238e-09 -9.606897252336796e+01
2.335000000000000e+09 2.757573681178141e-09 -9.609649522368998e+01
2.336666666666667e+09 2.758002291217763e-09 -9.612464508313792e+01
2.338333333333334e+09 2.758403653985375e-09 -9.615340238981511e+01
2.340000000000000e+09 2.758776952734412e-09 -9.618274678542448e+01
2.341666666666667e+09 2.759121437874557e-09 -9.621265735147333e+01
2.343333333333334e+09 2.759436425351410e-09 -9.624311262822904e+01
2.345000000000000e+09 2.759721299107175e-09 -9.627409064744039e+01
2.346666666666667e+09 2.759975515055059e-09 -9.630556904733045e+01
2.348333333333334e+09 2.760198602345284e-09 -9.633752526418995e+01
2.350000000000000e+09 2.760390159754436e-09 -9.636993672476926e+01
2.351666666666667e+09 2.760549848958642e-09 -9.640278096004963e+01
2.353333333333334e+09 2.760677388746248e-09 -9.643603562572015e+01
2.355000000000000e+09 2.760772552930183e-09 -9.646967848831470e+01
2.356666666666667e+09 2.760835171155735e-09 -9.650368745325643e+01
2.358333333333334e+09 2.760865129263435e-09 -9.653804066020541e+01
2.360000000000000e+09 2.760862366545408e-09 -9.657271660218234e+01
2.361666666666667e+09 2.760826870294477e-09 -9.660769420126816e+01
2.363333333333334e+09 2.760758670536944e-09 -9.664295281377815e+01
2.365000000000000e+09 2.760657837517950e-09 -9.667847220090779e+01
2.366666666666667e+09 2.760524481822905e-09 -9.671423252762418e+01
2.368333333333334e+09 2.760358754568642e-09 -9.675021442027349e+01
2.370000000000000e+09 2.760160845111481e-09 -9.678639905461408e+01
2.371666666666667e+09 2.759930976057142e-09 -9.682276821554291e+01
2.373333333333334e+09 2.759669397780538e-09 -9.685930429352814e+01
2.375000000000000e+09 2.759376385000134e-09 -9.689599023600884e+01
2.376666666666667e+09 2.759052236062404e-09 -9.693280950544010e+01
2.378333333333334e+09 2.758697273326760e-09 -9.696974608158133e+01
2.380000000000000e+09 2.758311842430057e-09 -9.700678450109042e+01
2.381666666666667e+09 2.757896309605815e-09 -9.704390989506950e+01
2.383333333333334e+09 2.757451058162491e-09 -9.708110799232338e+01
2.385000000000000e+09 2.756976485884995e-09 -9.711836509170192e+01
2.386666666666667e+09 2.756473004046095e-09 -9.715566803527045e+01
2.388333333333334e+09 2.755941037065031e-09 -9.719300420948078e+01
2.390000000000000e+09 2.755381021207150e-09 -9.723036157071029e+01
2.391666666666667e+09 2.754793401619656e-09 -9.726772866437052e+01
2.393333333333334e+09 2.754178628558737e-09 -9.730509460739606e+01
2.395000000000000e+09 2.753537154514669e-09 -9.734244903023082e+01
2.396666666666667e+09 2.752869433459936e-09 -9.737978200325178e+01
2.398333333333334e+09 2.752175922149702e-09 -9.741708398232474e+01
2.400000000000000e+09 2.751457082312611e-09 -9.745434579563981e+01
2.401666666666667e+09 2.750713382279608e-09 -9.749155867223283e+01
2.403333333333334e+09 2.749945296995940e-09 -9.752871429541847e+01
2.405000000000000e+09 2.749153306017371e-09 -9.756580485634832e+01
2.406666666666667e+09 2.748337889796894e-09 -9.760282308179292e+01
2.408333333333334e+09 2.747499525299889e-09 -9.763976221637728e+01
2.410000000000000e+09 2.746638682542488e-09 -9.767661595640045e+01
2.411666666666667e+09 2.745755823517190e-09 -9.771337835787929e+01
2.413333333333334e+09 2.744851403807996e-09 -9.775004376083335e+01
2.415000000000000e+09 2.743925875500180e-09 -9.778660676588980e+01
2.416666666666667e+09 2.742979689023117e-09 -9.782306226424048e+01
2.418333333333334e+09 2.742013292379232e-09 -9.785940548077193e+01
2.420000000000000e+09 2.741027128463677e-09 -9.789563197853309e+01
2.421666666666667e+09 2.740021633063141e-09 -9.793173760712649e+01
2.423333333333334e+09 2.738997235781193e-09 -9.796771843398227e+01
2.425000000000000e+09 2.737954363476691e-09 -9.800357072526550e+01
2.426666666666667e+09 2.736893442961247e-09 -9.803929100921657e+01
2.428333333333334e+09 2.735814899434782e-09 -9.807487617903031e+01
2.430000000000000e+09 2.734719150269884e-09 -9.811032353921128e+01
2.431666666666667e+09 2.733606598045939e-09 -9.814563072424886e+01
2.433333333333334e+09 2.732477628433918e-09 -9.818079551445825e+01
2.435000000000000e+09 2.731332615619647e-09 -9.821581566740946e+01
2.436666666666667e+09 2.730171932234659e-09 -9.825068889167169e+01
2.438333333333334e+09 2.728995956766569e-09 -9.828541299343064e+01
2.440000000000000e+09 2.727805072710839e-09 -9.831998609497961e+01
2.441666666666667e+09 2.726599659700598e-09 -9.835440676300676e+01
2.443333333333334e+09 2.725380082918968e-09 -9.838867394824993e+01
2.445000000000000e+09 2.724146688363803e-09 -9.842278677979373e+01
2.446666666666667e+09 2.722899806916804e-09 -9.845674436429721e+01
2.448333333333334e+09 2.721639763419098e-09 -9.849054572746962e+01
2.450000000000000e+09 2.720366883541240e-09 -9.852418991608964e+01
2.451666666666667e+09 2.719081493734291e-09 -9.855767615463053e+01
2.453333333333334e+09 2.717783915545935e-09 -9.859100392206116e+01
2.455000000000000e+09 2.716474459892972e-09 -9.862417289734745e+01
2.456666666666667e+09 2.715153426080285e-09 -9.865718283754765e+01
2.458333333333334e+09 2.713821105636480e-09 -9.869003349963731e+01
2.460000000000000e+09 2.712477786867938e-09 -9.872272466293246e+01
2.461666666666667e+09 2.711123756005418e-09 -9.875525621168877e+01
2.463333333333334e+09 2.709759294505375e-09 -9.878762818893725e+01
2.465000000000000e+09 2.708384675703156e-09 -9.881984077205693e+01
2.466666666666667e+09 2.707000164200756e-09 -9.885189420243634e+01
2.468333333333334e+09 2.705606018231510e-09 -9.888378874345567e+01
2.470000000000000e+09 2.704202492117184e-09 -9.891552470446024e+01
2.471666666666667e+09 2.702789835976817e-09 -9.894710249423170e+01
2.473333333333334e+09 2.701368292949923e-09 -9.897852263311978e+01
2.475000000000000e+09 2.699938097132377e-09 -9.900978569507271e+01
2.476666666666667e+09 2.698499475084720e-09 -9.904089222806746e+01
2.478333333333334e+09 2.697052650291775e-09 -9.907184273525755e+01
2.480000000000000e+09 2.695597846656190e-09 -9.910263775072545e+01
2.481666666666667e+09 2.694135287333918e-09 -9.913327795424109e+01
2.483333333333334e+09 2.692665189055196e-09 -9.916376422259307e+01
2.485000000000000e+09 2.691187756169708e-09 -9.919409755822605e+01
2.486666666666667e+09 2.689703179300881e-09 -9.922427893457034e+01
2.488333333333334e+09 2.688211640042818e-09 -9.925430916636444e+01
2.490000000000000e+09 2.686713318551888e-09 -9.928418889427718e+01
2.491666666666667e+09 2.685208398995314e-09 -9.931391868589481e+01
2.493333333333334e+09 2.683697069897306e-09 -9.934349917563739e+01
2.495000000000000e+09 2.682179520307072e-09 -9.937293115580559e+01
2.496666666666667e+09 2.680655935055235e-09 -9.940221558524246e+01
2.498333333333334e+09 2.679126491707615e-09 -9.943135354358476e+01
2.500000000000000e+09 2.677591359562520e-09 -9.946034617684026e+01
2.501666666666667e+09 2.676050699621052e-09 -9.948919465419858e+01
2.503333333333334e+09 2.674504664887704e-09 -9.951790012755906e+01
2.505000000000000e+09 2.672953401470667e-09 -9.954646368711984e+01
2.506666666666667e+09 2.671397051036925e-09 -9.957488633007922e+01
2.508333333333334e+09 2.669835753965380e-09 -9.960316896954382e+01
2.510000000000000e+09 2.668269651441032e-09 -9.963131248801839e+01
2.511666666666667e+09 2.666698885165542e-09 -9.965931780411802e+01
2.513333333333334e+09 2.665123595101448e-09 -9.968718590954431e+01
2.515000000000000e+09 2.663543917054124e-09 -9.971491785883360e+01
2.516666666666667e+09 2.661959981625672e-09 -9.974251473137139e+01
2.518333333333334e+09 2.660371914614963e-09 -9.976997759762955e+01
2.520000000000000e+09 2.658779837933591e-09 -9.979730750287189e+01
2.521666666666667e+09 2.657183870476410e-09 -9.982450545980272e+01
2.523333333333334e+09 2.655584129269528e-09 -9.985157244503380e+01
2.525000000000000e+09 2.653980731081818e-09 -9.987850941496141e+01
2.526666666666667e+09 2.652373793350676e-09 -9.990531735797630e+01
2.528333333333334e+09 2.650763432500323e-09 -9.993199736277533e+01
2.530000000000000e+09 2.649149759307397e-09 -9.995855063895671e+01
2.531666666666667e+09 2.647532874243858e-09 -9.998497843481606e+01
2.533333333333334e+09 2.645912867483990e-09 -1.000112818773757e+02
2.535000000000000e+09 2.644289825710637e-09 -1.000374618518735e+02
2.536666666666667e+09 2.642663842035350e-09 -1.000635190461300e+02
2.538333333333334e+09 2.641035021169443e-09 -1.000894541717041e+02
2.540000000000000e+09 2.639403474098177e-09 -1.001152682154759e+02
2.541666666666667e+09 2.637769304465164e-09 -1.001409625132421e+02
2.543333333333334e+09 2.636132596485847e-09 -1.001665385497146e+02
2.545000000000000e+09 2.634493414482477e-09 -1.001919976054234e+02
2.546666666666667e+09 2.632851815761274e-09 -1.002173405129454e+02
2.548333333333334e+09 2.631207867859868e-09 -1.002425677197672e+02
2.550000000000000e+09 2.629561657187627e-09 -1.002676796208335e+02
2.551666666666667e+09 2.627913282570359e-09 -1.002926769092416e+02
2.553333333333334e+09 2.626262839108358e-09 -1.003175606801310e+02
2.555000000000000e+09 2.624610405189034e-09 -1.003423322245894e+02
2.556666666666667e+09 2.622956042310625e-09 -1.003669926978922e+02
2.558333333333334e+09 2.621299806501567e-09 -1.003915429327192e+02
2.560000000000000e+09 2.619641760923872e-09 -1.004159835280738e+02
2.561666666666667e+09 2.617981979292921e-09 -1.004403151076722e+02
2.563333333333334e+09 2.616320538361189e-09 -1.004645385120605e+02
2.565000000000000e+09 2.614657507020932e-09 -1.004886547669152e+02
2.566666666666667e+09 2.612992941720896e-09 -1.005126648727132e+02
2.568333333333334e+09 2.611326891742686e-09 -1.005365696069861e+02
2.570000000000000e+09 2.609659409406624e-09 -1.005603695037461e+02
2.571666666666667e+09 2.607990556723450e-09 -1.005840650165331e+02
2.573333333333334e+09 2.606320403645750e-09 -1.006076567267204e+02
2.575000000000000e+09 2.604649019975032e-09 -1.006311454407085e+02
2.576666666666667e+09 2.602976467251583e-09 -1.006545321213523e+02
2.578333333333334e+09 2.601302795904232e-09 -1.006778177207645e+02
2.580000000000000e+09 2.599628048558854e-09 -1.007010030313083e+02
2.581666666666667e+09 2.597952266590582e-09 -1.007240886352922e+02
2.583333333333334e+09 2.596275495958011e-09 -1.007470749627241e+02
2.585000000000000e+09 2.594597789564948e-09 -1.007699624132467e+02
2.586666666666667e+09 2.592919205315535e-09 -1.007927514776898e+02
2.588333333333334e+09 2.591239800893951e-09 -1.008154427972503e+02
2.590000000000000e+09 2.589559627997409e-09 -1.008380371222901e+02
2.591666666666667e+09 2.587878729622185e-09 -1.008605351842092e+02
2.593333333333334e+09 2.586197142761943e-09 -1.008829375568630e+02
2.595000000000000e+09 2.584514905307486e-09 -1.009052446097683e+02
2.596666666666667e+09 2.582832062281366e-09 -1.009274566020817e+02
2.598333333333334e+09 2.581148666246005e-09 -1.009495738559911e+02
2.600000000000000e+09 2.579464771023780e-09 -1.009715968700375e+02
2.601666666666667e+09 2.577780423687426e-09 -1.009935262689961e+02
2.603333333333334e+09 2.576095661823335e-09 -1.010153626236914e+02
2.605000000000000e+09 2.574410518820855e-09 -1.010371062952718e+02
2.606666666666667e+09 2.572725032717346e-09 -1.010587574455787e+02
2.608333333333334e+09 2.571039250603572e-09 -1.010803162069925e+02
2.610000000000000e+09 2.569353224505965e-09 -1.011017828538371e+02
2.611666666666667e+09 2.567667002739556e-09 -1.011231578107037e+02
2.613333333333334e+09 2.565980625299727e-09 -1.011444414874383e+02
2.615000000000000e+09 2.564294128176938e-09 -1.011656341032452e+02
2.616666666666667e+09 2.562607552697237e-09 -1.011867356820702e+02
2.618333333333334e+09 2.560920950600180e-09 -1.012077462383955e+02
2.620000000000000e+09 2.559234379214638e-09 -1.012286659786117e+02
2.621666666666667e+09 2.557547890732236e-09 -1.012494953115575e+02
2.623333333333334e+09 2.555861525946425e-09 -1.012702346360846e+02
2.625000000000000e+09 2.554175319325247e-09 -1.012908840941354e+02
2.626666666666667e+09 2.552489311716825e-09 -1.013114435289971e+02
2.628333333333334e+09 2.550803559292066e-09 -1.013319127087554e+02
2.630000000000000e+09 2.549118130160132e-09 -1.013522916261441e+02
2.631666666666667e+09 2.547433091225106e-09 -1.013725806044503e+02
2.633333333333334e+09 2.545748496975348e-09 -1.013927801091616e+02
2.635000000000000e+09 2.544064390340200e-09 -1.014128904326863e+02
2.636666666666667e+09 2.542380814822590e-09 -1.014329115352625e+02
2.638333333333334e+09 2.540697826973886e-09 -1.014528431808922e+02
2.640000000000000e+09 2.539015498292628e-09 -1.014726852389073e+02
2.641666666666667e+09 2.537333905549876e-09 -1.014924378795154e+02
2.643333333333334e+09 2.535653118908939e-09 -1.015121015017403e+02
2.645000000000000e+09 2.533973198497086e-09 -1.015316764819633e+02
2.646666666666667e+09 2.532294201652796e-09 -1.015511629836264e+02
2.648333333333334e+09 2.530616193339541e-09 -1.015705609903253e+02
2.650000000000000e+09 2.528939250261798e-09 -1.015898705059807e+02
2.651666666666667e+09 2.527263456165838e-09 -1.016090917223705e+02
2.653333333333334e+09 2.525588894289445e-09 -1.016282250134403e+02
2.655000000000000e+09 2.523915644735738e-09 -1.016472708014904e+02
2.656666666666667e+09 2.522243788594118e-09 -1.016662294609939e+02
2.658333333333334e+09 2.520573413474695e-09 -1.016851013688769e+02
2.660000000000000e+09 2.518904614003874e-09 -1.017038870468371e+02
2.661666666666667e+09 2.517237486458795e-09 -1.017225872440739e+02
2.663333333333334e+09 2.515572122988792e-09 -1.017412028732743e+02
2.665000000000000e+09 2.513908611348540e-09 -1.017597348662658e+02
2.666666666666667e+09 2.512247040468238e-09 -1.017781840990281e+02
2.668333333333334e+09 2.510587506362647e-09 -1.017965514668764e+02
2.670000000000000e+09 2.508930112658393e-09 -1.018148380437675e+02
2.671666666666667e+09 2.507274965375281e-09 -1.018330451836253e+02
2.673333333333334e+09 2.505622166960174e-09 -1.018511744874044e+02
2.675000000000000e+09 2.503971814682395e-09 -1.018692276936971e+02
2.676666666666667e+09 2.502324003633078e-09 -1.018872066160727e+02
2.678333333333334e+09 2.500678829947307e-09 -1.019051131873873e+02
2.680000000000000e+09 2.499036390115304e-09 -1.019229495532775e+02
2.681666666666667e+09 2.497396776760417e-09 -1.019407181084861e+02
2.683333333333334e+09 2.495760075087231e-09 -1.019584214367328e+02
2.685000000000000e+09 2.494126363354500e-09 -1.019760622215696e+02
2.686666666666667e+09 2.492495716247891e-09 -1.019936432272561e+02
2.688333333333334e+09 2.490868206770374e-09 -1.020111673722787e+02
2.690000000000000e+09 2.489243903728655e-09 -1.020286378156582e+02
2.691666666666667e+09 2.487622866566704e-09 -1.020460579573519e+02
2.693333333333334e+09 2.486005142249759e-09 -1.020634313412226e+02
2.695000000000000e+09 2.484390766914732e-09 -1.020807615526706e+02
2.696666666666667e+09 2.482779769975883e-09 -1.020980522132356e+02
2.698333333333334e+09 2.481172175477619e-09 -1.021153070750186e+02
2.700000000000000e+09 2.479567997920626e-09 -1.021325301061827e+02
2.701666666666667e+09 2.477967235419385e-09 -1.021497254507629e+02
2.703333333333334e+09 2.476369866338958e-09 -1.021668972585073e+02
2.705000000000000e+09 2.474775852987942e-09 -1.021840495099221e+02
2.706666666666667e+09 2.473185149580328e-09 -1.022011859811883e+02
2.708333333333334e+09 2.471597707412462e-09 -1.022183103758704e+02
2.710000000000000e+09 2.470013472214968e-09 -1.022354264980236e+02
2.711666666666667e+09 2.468432375399510e-09 -1.022525382940868e+02
2.713333333333334e+09 2.466854326461479e-09 -1.022696496961430e+02
2.715000000000000e+09 2.465279213143890e-09 -1.022867643667260e+02
2.716666666666667e+09 2.463706909632308e-09 -1.023038855287762e+02
2.718333333333334e+09 2.462137286558820e-09 -1.023210159918967e+02
2.720000000000000e+09 2.460570215493997e-09 -1.023381583231582e+02
2.721666666666667e+09 2.459005565623025e-09 -1.023553149988312e+02
2.723333333333334e+09 2.457443196881842e-09 -1.023724884041824e+02
2.725000000000000e+09 2.455882956344974e-09 -1.023896806866831e+02
2.726666666666667e+09 2.454324681311011e-09 -1.024068935893240e+02
2.728333333333334e+09 2.452768206656130e-09 -1.024241283945045e+02
2.730000000000000e+09 2.451213370825623e-09 -1.024413860031631e+02
2.731666666666667e+09 2.449660016759734e-09 -1.024586670596228e+02
2.733333333333334e+09 2.448107988895308e-09 -1.024759720090903e+02
2.735000000000000e+09 2.446557130622249e-09 -1.024933010525568e+02
2.736666666666667e+09 2.445007285518320e-09 -1.025106540635470e+02
2.738333333333334e+09 2.443458301723096e-09 -1.025280305611700e+02
2.740000000000000e+09 2.441910035820402e-09 -1.025454297733118e+02
2.741666666666667e+09 2.440362353260462e-09 -1.025628507358556e+02
2.743333333333334e+09 2.438815125802408e-09 -1.025802923425356e+02
2.745000000000000e+09 2.437268229297032e-09 -1.025977533119084e+02
2.746666666666667e+09 2.435721544700003e-09 -1.026152321205428e+02
2.748333333333334e+09 2.434174962016132e-09 -1.026327269858625e+02
2.750000000000000e+09 2.432628383998506e-09 -1.026502359368625e+02
2.751666666666667e+09 2.431081726548021e-09 -1.026677569301945e+02
2.753333333333334e+09 2.429534915700687e-09 -1.026852879287821e+02
2.755000000000000e+09 2.427987884051565e-09 -1.027028268965707e+02
2.756666666666667e+09 2.426440569707530e-09 -1.027203717402010e+02
2.758333333333334e+09 2.424892918260316e-09 -1.027379202733927e+02
2.760000000000000e+09 2.423344885353748e-09 -1.027554702518461e+02
2.761666666666667e+09 2.421796436942876e-09 -1.027730194543410e+02
2.763333333333334e+09 2.420247546691047e-09 -1.027905657392557e+02
2.765000000000000e+09 2.418698192816853e-09 -1.028081070291996e+02
2.766666666666667e+09 2.417148357315543e-09 -1.028256412468236e+02
2.768333333333334e+09 2.415598028233904e-09 -1.028431662743949e+02
2.770000000000000e+09 2.414047202693474e-09 -1.028606799903997e+02
2.771666666666667e+09 2.412495887467769e-09 -1.028781803654083e+02
2.773333333333334e+09 2.410944095987932e-09 -1.028956655426718e+02
2.775000000000000e+09 2.409391843788631e-09 -1.029131338390171e+02
2.776666666666667e+09 2.407839145748709e-09 -1.029305836690865e+02
2.778333333333334e+09 2.406286016870392e-09 -1.029480134590881e+02
2.780000000000000e+09 2.404732475322777e-09 -1.029654216192508e+02
2.781666666666667e+09 2.403178544792672e-09 -1.029828065881484e+02
2.783333333333334e+09 2.401624254204266e-09 -1.030001669009495e+02
2.785000000000000e+09 2.400069635416451e-09 -1.030175012219053e+02
2.786666666666667e+09 2.398514721137912e-09 -1.030348083237790e+02
2.788333333333334e+09 2.396959544648363e-09 -1.030520870482805e+02
2.790000000000000e+09 2.395404140879753e-09 -1.030693362930857e+02
2.791666666666667e+09 2.393848547097098e-09 -1.030865550367684e+02
2.793333333333334e+09 2.392292802013166e-09 -1.031037423715179e+02
2.795000000000000e+09 2.390736943878038e-09 -1.031208975064975e+02
2.796666666666667e+09 2.389181009088828e-09 -1.031380197354913e+02
2.798333333333334e+09 2.387625032238954e-09 -1.031551083962638e+02
2.800000000000000e+09 2.386069047088556e-09 -1.031721628513517e+02
2.801666666666667e+09 2.384513087273642e-09 -1.031891824924545e+02
2.803333333333334e+09 2.382957186289879e-09 -1.032061667465492e+02
2.805000000000000e+09 2.381401377415691e-09 -1.032231150685330e+02
2.806666666666667e+09 2.379845694355916e-09 -1.032400269328927e+02
2.808333333333334e+09 2.378290172265177e-09 -1.032569018499721e+02
2.810000000000000e+09 2.376734847761727e-09 -1.032737394098180e+02
2.811666666666667e+09 2.375179757003582e-09 -1.032905393188361e+02
2.813333333333334e+09 2.373624932739027e-09 -1.033073013849902e+02
2.815000000000000e+09 2.372070402670353e-09 -1.033240254454118e+02
2.816666666666667e+09 2.370516190780503e-09 -1.033407112851127e+02
2.818333333333334e+09 2.368962320773540e-09 -1.033573586118758e+02
2.820000000000000e+09 2.367408818756955e-09 -1.033739671068409e+02
2.821666666666667e+09 2.365855712871209e-09 -1.033905365007764e+02
2.823333333333334e+09 2.364303030465681e-09 -1.034070666000802e+02
2.825000000000000e+09 2.362750795935839e-09 -1.034235572353245e+02
2.826666666666667e+09 2.361199031857553e-09 -1.034400081867025e+02
2.828333333333334e+09 2.359647762723044e-09 -1.034564191746772e+02
2.830000000000000e+09 2.358097017477668e-09 -1.034727899488196e+02
2.831666666666667e+09 2.356546827417856e-09 -1.034891204071527e+02
2.833333333333334e+09 2.354997220015457e-09 -1.035054106277788e+02
2.835000000000000e+09 2.353448213463245e-09 -1.035216607527279e+02
2.836666666666667e+09 2.351899817107628e-09 -1.035378707909687e+02
2.838333333333334e+09 2.350352038559826e-09 -1.035540404928271e+02
2.840000000000000e+09 2.348804892604583e-09 -1.035701694079517e+02
2.841666666666667e+09 2.347258405021392e-09 -1.035862570967654e+02
2.843333333333334e+09 2.345712608136782e-09 -1.036023033379638e+02
2.845000000000000e+09 2.344167531454321e-09 -1.036183081727279e+02
2.846666666666667e+09 2.342623194602152e-09 -1.036342717555180e+02
2.848333333333334e+09 2.341079607800923e-09 -1.036501941342379e+02
2.850000000000000e+09 2.339536778858971e-09 -1.036660751310206e+02
2.851666666666667e+09 2.337994720650479e-09 -1.036819144015219e+02
2.853333333333334e+09 2.336453453302520e-09 -1.036977116002441e+02
2.855000000000000e+09 2.334913000359054e-09 -1.037134665027709e+02
2.856666666666667e+09 2.333373383339067e-09 -1.037291789937065e+02
2.858333333333334e+09 2.331834619833242e-09 -1.037448489612049e+02
2.860000000000000e+09 2.330296726223968e-09 -1.037604762210260e+02
2.861666666666667e+09 2.328759721284520e-09 -1.037760605510862e+02
2.863333333333334e+09 2.327223625968189e-09 -1.037916017941634e+02
2.865000000000000e+09 2.325688458628261e-09 -1.038070999018499e+02
2.866666666666667e+09 2.324154230074817e-09 -1.038225548335211e+02
2.868333333333334e+09 2.322620944256411e-09 -1.038379663612388e+02
2.870000000000000e+09 2.321088606164968e-09 -1.038533339425609e+02
2.871666666666667e+09 2.319557232070853e-09 -1.038686567989594e+02
2.873333333333334e+09 2.318026854097717e-09 -1.038839341828396e+02
2.875000000000000e+09 2.316497514622945e-09 -1.038991656534944e+02
2.876666666666667e+09 2.314969253727879e-09 -1.039143511523687e+02
2.878333333333334e+09 2.313442098751841e-09 -1.039294908087841e+02
2.880000000000000e+09 2.311916063918821e-09 -1.039445846151155e+02
2.881666666666667e+09 2.310391160446332e-09 -1.039596322189933e+02
2.883333333333334e+09 2.308867409314790e-09 -1.039746329956843e+02
2.885000000000000e+09 2.307344846588789e-09 -1.039895863459383e+02
2.886666666666667e+09 2.305823516894443e-09 -1.040044919836838e+02
2.888333333333334e+09 2.304303460024584e-09 -1.040193499804052e+02
2.890000000000000e+09 2.302784701254603e-09 -1.040341605217315e+02
2.891666666666667e+09 2.301267253242100e-09 -1.040489235598117e+02
2.893333333333334e+09 2.299751128383389e-09 -1.040636386309558e+02
2.895000000000000e+09 2.298236352313244e-09 -1.040783049815967e+02
2.896666666666667e+09 2.296722968377071e-09 -1.040929219063498e+02
2.898333333333334e+09 2.295211030036017e-09 -1.041074890402538e+02
2.900000000000000e+09 2.293700587525276e-09 -1.041220063909554e+02
2.901666666666667e+09 2.292191679184205e-09 -1.041364741069686e+02
2.903333333333334e+09 2.290684333588110e-09 -1.041508921824450e+02
2.905000000000000e+09 2.289178579698619e-09 -1.041652603330234e+02
2.906666666666667e+09 2.287674456138413e-09 -1.041795781210047e+02
2.908333333333334e+09 2.286172012258551e-09 -1.041938451987770e+02
2.910000000000000e+09 2.284671301191870e-09 -1.042080614538148e+02
2.911666666666667e+09 2.283172371916422e-09 -1.042222269423015e+02
2.913333333333334e+09 2.281675267678994e-09 -1.042363416931561e+02
2.915000000000000e+09 2.280180031979836e-09 -1.042504055766463e+02
2.916666666666667e+09 2.278686716363906e-09 -1.042644183663645e+02
2.918333333333334e+09 2.277195382702578e-09 -1.042783799441415e+02
2.920000000000000e+09 2.275706097718432e-09 -1.042922904678645e+02
2.921666666666667e+09 2.274218924490296e-09 -1.043061503571397e+02
2.923333333333334e+09 2.272733918261872e-09 -1.043199601161955e+02
2.925000000000000e+09 2.271251129847536e-09 -1.043337201564384e+02
2.926666666666667e+09 2.269770613087381e-09 -1.043474307746296e+02
2.928333333333334e+09 2.268292429389566e-09 -1.043610922968654e+02
2.930000000000000e+09 2.266816645378058e-09 -1.043747052495421e+02
2.931666666666667e+09 2.265343326105762e-09 -1.043882704013577e+02
2.933333333333334e+09 2.263872530206185e-09 -1.044017886457847e+02
2.935000000000000e+09 2.262404311269107e-09 -1.044152608411631e+02
2.936666666666667e+09 2.260938723805545e-09 -1.044286877590978e+02
2.938333333333334e+09 2.259475828034455e-09 -1.044420701851288e+02
2.940000000000000e+09 2.258015689122039e-09 -1.044554090736754e+02
2.941666666666667e+09 2.256558371870989e-09 -1.044687056158128e+02
2.943333333333334e+09 2.255103935971952e-09 -1.044819611694397e+02
2.945000000000000e+09 2.253652435974766e-09 -1.044951771343467e+02
2.946666666666667e+09 2.252203925272322e-09 -1.045083549007999e+02
2.948333333333334e+09 2.250758459484089e-09 -1.045214959189689e+02
2.950000000000000e+09 2.249316095449810e-09 -1.045346018121234e+02
2.951666666666667e+09 2.247876886636352e-09 -1.045476744132015e+02
2.953333333333334e+09 2.246440879460685e-09 -1.045607156837471e+02
2.955000000000000e+09 2.245008114127146e-09 -1.045737275954604e+02
2.956666666666667e+09 2.243578628972269e-09 -1.045867120950708e+02
2.958333333333334e+09 2.242152463629286e-09 -1.045996711907602e+02
2.960000000000000e+09 2.240729657321213e-09 -1.046126070737731e+02
2.961666666666667e+09 2.239310243389727e-09 -1.046255221470532e+02
2.963333333333334e+09 2.237894245060901e-09 -1.046384189186164e+02
2.965000000000000e+09 2.236481676510523e-09 -1.046512998495181e+02
2.966666666666667e+09 2.235072548293080e-09 -1.046641672948468e+02
2.968333333333334e+09 2.233666871950259e-09 -1.046770235906026e+02
2.970000000000000e+09 2.232264659305250e-09 -1.046898711999448e+02
2.971666666666667e+09 2.230865917007985e-09 -1.047027127741854e+02
2.973333333333334e+09 2.229470641464487e-09 -1.047155510652351e+02
2.975000000000000e+09 2.228078818899292e-09 -1.047283887696118e+02
2.976666666666667e+09 2.226690430283457e-09 -1.047412284502455e+02
2.978333333333334e+09 2.225305456071726e-09 -1.047540726052518e+02
2.980000000000000e+09 2.223923875848720e-09 -1.047669238062680e+02
2.981666666666667e+09 2.222545663020276e-09 -1.047797847563495e+02
2.983333333333334e+09 2.221170779732076e-09 -1.047926581924855e+02
2.985000000000000e+09 2.219799177255534e-09 -1.048055467106374e+02
2.986666666666667e+09 2.218430801925617e-09 -1.048184526730608e+02
2.988333333333334e+09 2.217065601246002e-09 -1.048313782851015e+02
2.990000000000000e+09 2.215703524354749e-09 -1.048443257667432e+02
2.991666666666667e+09 2.214344516288386e-09 -1.048572974478122e+02
2.993333333333334e+09 2.212988511515655e-09 -1.048702956814920e+02
2.995000000000000e+09 2.211635433228422e-09 -1.048833226417692e+02
2.996666666666667e+09 2.210285199698105e-09 -1.048963801863641e+02
2.998333333333334e+09 2.208937732343741e-09 -1.049094699145332e+02
3.000000000000000e+09 2.207592958278156e-09 -1.049225933721282e+02
