2.000000000000000e+09 5.000000000000001e+01 3.034996757450647e-15
2.001666666666667e+09 4.999999999999999e+01 -1.214388286249662e-15
2.003333333333333e+09 5.000000000000001e+01 -1.822175600651236e-15
2.005000000000000e+09 4.999999999999999e+01 0.000000000000000e+00
2.006666666666667e+09 4.999999999999999e+01 -6.077962667283910e-16
2.008333333333333e+09 4.999999999999999e+01 -1.216006034930319e-15
2.010000000000000e+09 5.000000000000001e+01 6.082128522322016e-16
2.011666666666667e+09 5.000000000000001e+01 2.433703234700754e-15
2.013333333333333e+09 4.999999999999999e+01 -1.217283844480598e-15
2.015000000000000e+09 5.000000000000000e+01 1.217722449732710e-15
2.016666666666667e+09 5.000000000000001e+01 1.827251237113369e-15
2.018333333333333e+09 4.999999999999999e+01 6.093095130620582e-16
2.020000000000000e+09 5.000000000000000e+01 1.828615666407732e-15
2.021666666666667e+09 4.999999999999999e+01 -2.439083602175366e-15
2.023333333333333e+09 4.999999999999999e+01 6.100065724203181e-16
2.025000000000000e+09 5.000000000000001e+01 2.440982359469240e-15
2.026666666666667e+09 5.000000000000000e+01 0.000000000000000e+00
2.028333333333333e+09 5.000000000000000e+01 3.053668564181039e-15
2.030000000000000e+09 5.000000000000000e+01 6.109828371891916e-16
2.031666666666667e+09 5.000000000000001e+01 1.833706036572232e-15
2.033333333333333e+09 5.000000000000000e+01 6.114912390404590e-16
2.035000000000000e+09 4.999999999999999e+01 -1.835251537116857e-15
2.036666666666667e+09 5.000000000000000e+01 1.836039460902252e-15
2.038333333333333e+09 4.999999999999999e+01 -1.224558292127677e-15
2.040000000000000e+09 5.000000000000000e+01 1.225096938677409e-15
2.041666666666667e+09 5.000000000000000e+01 6.128210987533776e-16
2.043333333333333e+09 4.999999999999999e+01 -1.839291006669881e-15
2.045000000000000e+09 5.000000000000001e+01 0.000000000000000e+00
2.046666666666667e+09 5.000000000000000e+01 -1.227316895741346e-15
2.048333333333333e+09 5.000000000000001e+01 0.000000000000000e+00
2.050000000000000e+09 5.000000000000000e+01 0.000000000000000e+00
2.051666666666667e+09 5.000000000000001e+01 -6.145237332969126e-16
2.053333333333333e+09 5.000000000000001e+01 1.229636009148174e-15
2.055000000000000e+09 5.000000000000001e+01 3.075575190719243e-15
2.056666666666667e+09 5.000000000000001e+01 -1.230829441030026e-15
2.058333333333333e+09 5.000000000000001e+01 4.310018462957391e-15
2.060000000000000e+09 5.000000000000001e+01 4.312150519118608e-15
2.061666666666667e+09 4.999999999999999e+01 2.465313201019758e-15
2.063333333333333e+09 4.999999999999999e+01 0.000000000000000e+00
2.065000000000000e+09 5.000000000000000e+01 0.000000000000000e+00
2.066666666666667e+09 5.000000000000001e+01 1.851780578227255e-15
2.068333333333333e+09 5.000000000000001e+01 -1.852721925358995e-15
2.070000000000000e+09 5.000000000000000e+01 6.178889488554694e-16
2.071666666666667e+09 5.000000000000000e+01 1.236409708728957e-15
2.073333333333333e+09 5.000000000000000e+01 3.711128466610296e-15
2.075000000000000e+09 5.000000000000002e+01 0.000000000000000e+00
2.076666666666667e+09 5.000000000000000e+01 0.000000000000000e+00
2.078333333333333e+09 5.000000000000000e+01 6.194718633779922e-16
2.080000000000000e+09 5.000000000000000e+01 6.197877960049566e-16
2.081666666666667e+09 4.999999999999999e+01 -1.240205323778205e-15
2.083333333333333e+09 5.000000000000000e+01 6.204160533403154e-16
2.085000000000000e+09 4.999999999999999e+01 1.862182615607148e-15
2.086666666666667e+09 4.999999999999999e+01 1.863109983231201e-15
2.088333333333333e+09 5.000000000000000e+01 -6.213429408101680e-16
2.090000000000000e+09 4.999999999999999e+01 6.216458751843151e-16
2.091666666666667e+09 5.000000000000000e+01 1.865834820427546e-15
2.093333333333333e+09 5.000000000000001e+01 1.866718770436040e-15
2.095000000000000e+09 4.999999999999999e+01 -3.112646289367814e-15
2.096666666666667e+09 5.000000000000000e+01 -1.868440063641948e-15
2.098333333333333e+09 4.999999999999998e+01 -6.230912712867893e-16
2.100000000000000e+09 5.000000000000001e+01 1.870087143136196e-15
2.101666666666667e+09 4.999999999999999e+01 0.000000000000000e+00
2.103333333333333e+09 5.000000000000001e+01 1.247763180127449e-15
2.105000000000000e+09 5.000000000000000e+01 0.000000000000000e+00
2.106666666666667e+09 5.000000000000002e+01 1.248731313776169e-15
2.108333333333333e+09 5.000000000000000e+01 1.249185590701757e-15
2.110000000000000e+09 5.000000000000000e+01 -1.249618149462158e-15
2.111666666666667e+09 5.000000000000001e+01 -1.250027591853987e-15
2.113333333333333e+09 5.000000000000000e+01 1.875618782541172e-15
2.115000000000000e+09 5.000000000000001e+01 0.000000000000000e+00
2.116666666666667e+09 5.000000000000000e+01 -6.255516471771451e-16
2.118333333333333e+09 5.000000000000000e+01 1.251406401840590e-15
2.120000000000000e+09 5.000000000000001e+01 2.503359093286932e-15
2.121666666666667e+09 4.999999999999999e+01 -1.877882169630295e-15
2.123333333333333e+09 5.000000000000001e+01 4.382458037346455e-15
2.125000000000000e+09 5.000000000000001e+01 -1.878459948428428e-15
2.126666666666667e+09 5.000000000000000e+01 1.252447624102484e-15
2.128333333333333e+09 5.000000000000001e+01 1.878829202707821e-15
2.130000000000000e+09 5.000000000000001e+01 6.263106055584878e-16
2.131666666666667e+09 5.000000000000001e+01 0.000000000000000e+00
2.133333333333333e+09 4.999999999999999e+01 1.252644403747668e-15
2.135000000000000e+09 4.999999999999999e+01 -1.878896690606190e-15
2.136666666666667e+09 5.000000000000001e+01 2.505023282562432e-15
2.138333333333333e+09 5.000000000000001e+01 1.878578325960855e-15
2.140000000000000e+09 5.000000000000000e+01 0.000000000000000e+00
2.141666666666667e+09 5.000000000000000e+01 -6.260063427238288e-16
2.143333333333333e+09 4.999999999999999e+01 -1.877648780395896e-15
2.145000000000000e+09 4.999999999999999e+01 0.000000000000000e+00
2.146666666666667e+09 5.000000000000001e+01 0.000000000000000e+00
2.148333333333334e+09 5.000000000000001e+01 0.000000000000000e+00
2.150000000000000e+09 4.999999999999999e+01 6.251912072056832e-16
2.151666666666667e+09 5.000000000000001e+01 1.249940566337953e-15
2.153333333333334e+09 5.000000000000001e+01 6.247310717583454e-16
2.155000000000000e+09 5.000000000000002e+01 1.873422522078946e-15
2.156666666666667e+09 5.000000000000001e+01 6.242002670814431e-16
2.158333333333334e+09 5.000000000000001e+01 6.239101024576529e-16
2.160000000000000e+09 4.999999999999999e+01 -6.236045067989630e-16
2.161666666666667e+09 4.999999999999999e+01 -1.246568762346677e-15
2.163333333333334e+09 5.000000000000001e+01 0.000000000000000e+00
2.165000000000000e+09 4.999999999999999e+01 -6.226044802433769e-16
2.166666666666667e+09 5.000000000000000e+01 -6.222468127459040e-16
2.168333333333334e+09 5.000000000000001e+01 1.865636435080174e-15
2.170000000000000e+09 4.999999999999999e+01 -6.215016301926337e-16
2.171666666666667e+09 5.000000000000001e+01 -6.211164506822047e-16
2.173333333333334e+09 5.000000000000001e+01 -3.103622382270083e-16
2.175000000000000e+09 4.999999999999998e+01 0.000000000000000e+00
2.176666666666667e+09 5.000000000000000e+01 1.239849976096808e-15
2.178333333333334e+09 4.999999999999999e+01 0.000000000000000e+00
2.180000000000000e+09 5.000000000000001e+01 6.191127549782355e-16
2.181666666666667e+09 5.000000000000001e+01 9.280571603097830e-16
2.183333333333334e+09 4.999999999999999e+01 -9.274455689485819e-16
2.185000000000000e+09 5.000000000000000e+01 -3.089453225582640e-16
2.186666666666667e+09 4.999999999999999e+01 -9.262298877404001e-16
2.188333333333334e+09 5.000000000000001e+01 6.170858472866962e-16
2.190000000000000e+09 5.000000000000000e+01 6.166893093622414e-16
2.191666666666667e+09 5.000000000000001e+01 1.232595622675740e-15
2.193333333333334e+09 5.000000000000001e+01 3.079560601484025e-16
2.195000000000000e+09 5.000000000000001e+01 3.077664669207289e-16
2.196666666666667e+09 5.000000000000000e+01 -3.075804382337717e-16
2.198333333333334e+09 5.000000000000001e+01 6.147964980499779e-16
2.200000000000000e+09 4.999999999999999e+01 3.072201377527957e-16
2.201666666666667e+09 5.000000000000000e+01 -6.140926162048822e-16
2.203333333333334e+09 5.000000000000001e+01 6.137538605646972e-16
2.205000000000000e+09 4.999999999999997e+01 -2.453697130144987e-15
2.206666666666667e+09 5.000000000000002e+01 9.196561336984861e-16
2.208333333333334e+09 4.999999999999999e+01 -3.063967107026737e-16
2.210000000000000e+09 5.000000000000001e+01 -3.062461791426668e-16
2.211666666666667e+09 5.000000000000000e+01 -9.183013837027507e-16
2.213333333333334e+09 5.000000000000000e+01 -6.119190861894177e-16
2.215000000000000e+09 4.999999999999999e+01 0.000000000000000e+00
2.216666666666667e+09 5.000000000000001e+01 3.056919358990080e-16
2.218333333333334e+09 5.000000000000001e+01 0.000000000000000e+00
2.220000000000000e+09 5.000000000000001e+01 1.527214025473154e-15
2.221666666666667e+09 5.000000000000000e+01 3.053249104641548e-16
2.223333333333334e+09 5.000000000000001e+01 -9.156338756922601e-16
2.225000000000000e+09 5.000000000000000e+01 3.051018029102092e-16
2.226666666666667e+09 4.999999999999999e+01 -6.099925689101752e-16
2.228333333333334e+09 4.999999999999999e+01 -1.524472834750913e-15
2.230000000000000e+09 5.000000000000002e+01 6.095929449736569e-16
2.231666666666667e+09 5.000000000000000e+01 6.094036331636702e-16
2.233333333333334e+09 5.000000000000000e+01 3.046104090200863e-16
2.235000000000000e+09 5.000000000000000e+01 3.045220540663486e-16
2.236666666666667e+09 4.999999999999999e+01 3.044365509263259e-16
2.238333333333334e+09 4.999999999999999e+01 0.000000000000000e+00
2.240000000000000e+09 5.000000000000000e+01 3.042732809070014e-16
2.241666666666667e+09 4.999999999999999e+01 6.083902058461972e-16
2.243333333333334e+09 4.999999999999999e+01 1.216475830644691e-15
2.245000000000000e+09 5.000000000000000e+01 6.080892865751127e-16
2.246666666666667e+09 4.999999999999999e+01 -1.215887838243551e-15
2.248333333333334e+09 4.999999999999999e+01 -1.215602833858152e-15
2.250000000000000e+09 5.000000000000001e+01 -6.076613914241677e-16
2.251666666666667e+09 4.999999999999999e+01 -1.822570394307395e-15
2.253333333333334e+09 5.000000000000000e+01 1.214774543457523e-15
2.255000000000000e+09 5.000000000000001e+01 1.214504919845104e-15
2.256666666666667e+09 4.999999999999999e+01 -6.071186898526858e-16
2.258333333333334e+09 5.000000000000002e+01 -6.069856362183754e-16
2.260000000000000e+09 4.999999999999999e+01 -2.427411962180623e-15
2.261666666666667e+09 4.999999999999999e+01 -1.213440927168599e-15
2.263333333333334e+09 5.000000000000001e+01 1.213175571799325e-15
2.265000000000000e+09 4.999999999999999e+01 -6.064547066641197e-16
2.266666666666667e+09 5.000000000000000e+01 0.000000000000000e+00
2.268333333333334e+09 5.000000000000000e+01 0.000000000000000e+00
2.270000000000000e+09 5.000000000000000e+01 0.000000000000000e+00
2.271666666666667e+09 5.000000000000001e+01 0.000000000000000e+00
2.273333333333334e+09 5.000000000000001e+01 0.000000000000000e+00
2.275000000000000e+09 5.000000000000001e+01 1.211272171787041e-15
2.276666666666667e+09 5.000000000000000e+01 -1.816484336204864e-15
2.278333333333334e+09 5.000000000000001e+01 -1.210703542999175e-15
2.280000000000000e+09 4.999999999999998e+01 -2.420827968801330e-15
2.281666666666667e+09 5.000000000000001e+01 -1.210120781712416e-15
2.283333333333334e+09 4.999999999999999e+01 -1.814735820303509e-15
2.285000000000000e+09 4.999999999999999e+01 1.209523266075643e-15
2.286666666666667e+09 4.999999999999999e+01 6.046094794531857e-16
2.288333333333334e+09 5.000000000000000e+01 0.000000000000000e+00
2.290000000000000e+09 5.000000000000001e+01 6.042997392126341e-16
2.291666666666667e+09 4.999999999999999e+01 -1.208284478562666e-15
2.293333333333334e+09 4.999999999999998e+01 -2.415932276204439e-15
2.295000000000000e+09 5.000000000000001e+01 2.415289241292373e-15
2.296666666666667e+09 5.000000000000001e+01 6.036600588510090e-16
2.298333333333334e+09 5.000000000000001e+01 1.206992843324579e-15
2.300000000000000e+09 4.999999999999999e+01 6.033315145620673e-16
2.301666666666667e+09 4.999999999999999e+01 0.000000000000000e+00
2.303333333333334e+09 4.999999999999998e+01 -1.205996774482803e-15
2.305000000000000e+09 4.999999999999998e+01 -1.205660856630793e-15
2.306666666666667e+09 4.999999999999999e+01 -1.205323440634747e-15
2.308333333333334e+09 5.000000000000001e+01 0.000000000000000e+00
2.310000000000000e+09 5.000000000000001e+01 1.806967867882455e-15
2.311666666666667e+09 5.000000000000001e+01 -1.204305049011293e-15
2.313333333333334e+09 5.000000000000001e+01 6.019822586046110e-16
2.315000000000000e+09 4.999999999999999e+01 -1.203623947683888e-15
2.316666666666667e+09 5.000000000000000e+01 0.000000000000000e+00
2.318333333333334e+09 5.000000000000000e+01 6.014719308736991e-16
2.320000000000000e+09 5.000000000000000e+01 1.202604913321668e-15
2.321666666666667e+09 5.000000000000000e+01 -6.011335326209782e-16
2.323333333333334e+09 4.999999999999999e+01 -6.009652949758667e-16
2.325000000000000e+09 5.000000000000000e+01 1.802393629435695e-15
2.326666666666667e+09 5.000000000000000e+01 0.000000000000000e+00
2.328333333333334e+09 5.000000000000001e+01 6.004660011502104e-16
2.330000000000000e+09 4.999999999999999e+01 0.000000000000000e+00
2.331666666666667e+09 5.000000000000000e+01 0.000000000000000e+00
2.333333333333334e+09 5.000000000000000e+01 5.999773211566424e-16
2.335000000000000e+09 5.000000000000000e+01 -1.199634567256283e-15
2.336666666666667e+09 4.999999999999999e+01 1.199317664530678e-15
2.338333333333334e+09 4.999999999999999e+01 0.000000000000000e+00
2.340000000000000e+09 5.000000000000001e+01 2.397388111641269e-15
2.341666666666667e+09 5.000000000000001e+01 1.198387665329321e-15
2.343333333333334e+09 5.000000000000001e+01 0.000000000000000e+00
2.345000000000000e+09 5.000000000000001e+01 5.988932107698479e-16
2.346666666666667e+09 5.000000000000001e+01 1.197491809534432e-15
2.348333333333334e+09 5.000000000000000e+01 0.000000000000000e+00
2.350000000000000e+09 5.000000000000001e+01 -1.795372640880985e-15
2.351666666666667e+09 5.000000000000001e+01 5.983165773780326e-16
2.353333333333334e+09 4.999999999999999e+01 -5.981777977801704e-16
2.355000000000000e+09 5.000000000000001e+01 1.794123725643762e-15
2.356666666666667e+09 4.999999999999999e+01 -5.979069372502171e-16
2.358333333333334e+09 4.999999999999999e+01 -1.195549807405798e-15
2.360000000000000e+09 5.000000000000000e+01 1.792935462831223e-15
2.361666666666667e+09 4.999999999999999e+01 -1.792553095056747e-15
2.363333333333334e+09 5.000000000000001e+01 5.973925446761751e-16
2.365000000000000e+09 4.999999999999999e+01 -5.972697020199384e-16
2.366666666666667e+09 5.000000000000001e+01 5.971491770141009e-16
2.368333333333334e+09 4.999999999999999e+01 -5.970309709685462e-16
2.370000000000000e+09 5.000000000000000e+01 1.193830156623513e-15
2.371666666666667e+09 5.000000000000000e+01 0.000000000000000e+00
2.373333333333334e+09 4.999999999999999e+01 -5.966901868756557e-16
2.375000000000000e+09 5.000000000000000e+01 0.000000000000000e+00
2.376666666666667e+09 4.999999999999999e+01 -1.789423208873438e-15
2.378333333333334e+09 5.000000000000001e+01 1.789109685793624e-15
2.380000000000000e+09 5.000000000000000e+01 0.000000000000000e+00
2.381666666666667e+09 4.999999999999999e+01 -5.961675610624948e-16
2.383333333333334e+09 4.999999999999999e+01 -5.960696873889004e-16
2.385000000000000e+09 5.000000000000000e+01 1.191947952224185e-15
2.386666666666667e+09 4.999999999999999e+01 5.958804041942282e-16
2.388333333333334e+09 5.000000000000000e+01 0.000000000000000e+00
2.390000000000000e+09 5.000000000000001e+01 1.191399176635626e-15
2.391666666666667e+09 4.999999999999999e+01 5.956122927305314e-16
2.393333333333334e+09 4.999999999999999e+01 -1.786581093457988e-15
2.395000000000000e+09 5.000000000000000e+01 -1.190887541346172e-15
2.396666666666667e+09 5.000000000000000e+01 -1.190724960632658e-15
2.398333333333334e+09 5.000000000000001e+01 5.952831327080643e-16
2.400000000000000e+09 5.000000000000001e+01 2.380822812328966e-15
2.401666666666667e+09 5.000000000000000e+01 1.190260332693486e-15
2.403333333333334e+09 4.999999999999999e+01 -5.950564941397588e-16
2.405000000000000e+09 4.999999999999999e+01 5.949846536820786e-16
2.406666666666667e+09 5.000000000000001e+01 5.949146089958154e-16
2.408333333333334e+09 4.999999999999999e+01 1.189692647241344e-15
2.410000000000000e+09 4.999999999999999e+01 -1.784339289611233e-15
2.411666666666667e+09 5.000000000000002e+01 1.189429793230680e-15
2.413333333333334e+09 4.999999999999999e+01 -5.946516952557797e-16
2.415000000000000e+09 5.000000000000000e+01 -1.189180262581297e-15
2.416666666666667e+09 5.000000000000001e+01 1.189060352099646e-15
2.418333333333334e+09 5.000000000000000e+01 5.944717995005484e-16
2.420000000000000e+09 4.999999999999999e+01 5.944149708348670e-16
2.421666666666667e+09 4.999999999999999e+01 -5.943596594319236e-16
2.423333333333334e+09 5.000000000000001e+01 2.971529176672269e-15
2.425000000000000e+09 5.000000000000001e+01 2.377013875922969e-15
2.426666666666667e+09 5.000000000000000e+01 -1.188405061444597e-15
2.428333333333334e+09 5.000000000000001e+01 5.941529909046235e-16
2.430000000000000e+09 5.000000000000000e+01 -1.782314462163938e-15
2.431666666666667e+09 4.999999999999999e+01 -5.940579931670737e-16
2.433333333333334e+09 4.999999999999999e+01 -5.940124830941156e-16
2.435000000000000e+09 5.000000000000000e+01 5.939682660509850e-16
2.436666666666667e+09 5.000000000000001e+01 2.375701266911933e-15
2.438333333333334e+09 5.000000000000000e+01 5.938836083526026e-16
2.440000000000000e+09 5.000000000000000e+01 -5.938431136403650e-16
2.441666666666667e+09 4.999999999999999e+01 0.000000000000000e+00
2.443333333333334e+09 5.000000000000000e+01 0.000000000000000e+00
2.445000000000000e+09 5.000000000000001e+01 1.781185976685544e-15
2.446666666666667e+09 4.999999999999999e+01 -1.187385542129182e-15
2.448333333333334e+09 5.000000000000001e+01 1.780973919739857e-15
2.450000000000000e+09 5.000000000000001e+01 1.780872717891792e-15
2.451666666666667e+09 5.000000000000001e+01 5.935915455905785e-16
2.453333333333334e+09 4.999999999999999e+01 0.000000000000000e+00
2.455000000000000e+09 5.000000000000002e+01 1.187058407151040e-15
2.456666666666667e+09 5.000000000000001e+01 2.373998083998447e-15
2.458333333333334e+09 5.000000000000001e+01 5.934708039173657e-16
2.460000000000000e+09 5.000000000000000e+01 1.780329085323728e-15
2.461666666666667e+09 5.000000000000001e+01 5.934161712074736e-16
2.463333333333334e+09 4.999999999999999e+01 -2.373560850743286e-15
2.465000000000000e+09 4.999999999999998e+01 -5.933651372678498e-16
2.466666666666667e+09 4.999999999999999e+01 -2.373363719810105e-15
2.468333333333334e+09 4.999999999999999e+01 -2.373270290698296e-15
2.470000000000000e+09 5.000000000000000e+01 1.779885131379998e-15
2.471666666666667e+09 5.000000000000000e+01 1.186546642737486e-15
2.473333333333334e+09 5.000000000000000e+01 0.000000000000000e+00
2.475000000000000e+09 4.999999999999999e+01 5.932322277976854e-16
2.476666666666667e+09 4.999999999999999e+01 5.932128310312955e-16
2.478333333333334e+09 4.999999999999999e+01 5.931941818579207e-16
2.480000000000000e+09 4.999999999999999e+01 0.000000000000000e+00
2.481666666666667e+09 4.999999999999999e+01 5.931590489439321e-16
2.483333333333334e+09 5.000000000000001e+01 5.931425301247355e-16
2.485000000000000e+09 4.999999999999998e+01 -1.186253391386498e-15
2.486666666666667e+09 5.000000000000001e+01 1.779334618037692e-15
2.488333333333334e+09 5.000000000000002e+01 1.779291153248680e-15
2.490000000000000e+09 5.000000000000000e+01 0.000000000000000e+00
2.491666666666667e+09 5.000000000000001e+01 -1.186140011626653e-15
2.493333333333334e+09 4.999999999999999e+01 -5.930574077879015e-16
2.495000000000000e+09 5.000000000000001e+01 -1.186090814730568e-15
2.496666666666667e+09 5.000000000000001e+01 5.930339983965462e-16
2.498333333333334e+09 4.999999999999999e+01 -1.186046350468605e-15
2.500000000000000e+09 4.999999999999999e+01 -1.186025854884061e-15
2.501666666666667e+09 5.000000000000001e+01 0.000000000000000e+00
2.503333333333334e+09 5.000000000000000e+01 0.000000000000000e+00
2.505000000000000e+09 5.000000000000001e+01 0.000000000000000e+00
2.506666666666667e+09 5.000000000000000e+01 0.000000000000000e+00
2.508333333333334e+09 4.999999999999999e+01 -1.185939622739387e-15
2.510000000000000e+09 5.000000000000000e+01 -5.929627444104058e-16
2.511666666666667e+09 4.999999999999999e+01 -2.371824707228732e-15
2.513333333333334e+09 4.999999999999999e+01 -5.929500985411400e-16
2.515000000000000e+09 5.000000000000000e+01 0.000000000000000e+00
2.516666666666667e+09 5.000000000000000e+01 -5.929393747921444e-16
2.518333333333334e+09 5.000000000000001e+01 4.150542968776387e-15
2.520000000000000e+09 4.999999999999999e+01 -5.929304926074633e-16
2.521666666666667e+09 5.000000000000002e+01 0.000000000000000e+00
2.523333333333334e+09 5.000000000000001e+01 -1.185846714474935e-15
2.525000000000000e+09 5.000000000000000e+01 -5.929204303882586e-16
2.526666666666667e+09 5.000000000000000e+01 1.185835857840868e-15
2.528333333333334e+09 4.999999999999999e+01 0.000000000000000e+00
2.530000000000000e+09 4.999999999999999e+01 0.000000000000000e+00
2.531666666666667e+09 4.999999999999999e+01 -1.185825714291084e-15
2.533333333333334e+09 5.000000000000002e+01 5.929119251977991e-16
2.535000000000000e+09 5.000000000000001e+01 1.778734108047917e-15
2.536666666666667e+09 4.999999999999999e+01 -1.778733608707297e-15
2.538333333333334e+09 5.000000000000000e+01 1.185822865215708e-15
2.540000000000000e+09 5.000000000000000e+01 -1.185824093026220e-15
2.541666666666667e+09 4.999999999999999e+01 -5.929130151925416e-16
2.543333333333334e+09 4.999999999999998e+01 -5.929143067440992e-16
2.545000000000000e+09 4.999999999999999e+01 0.000000000000000e+00
2.546666666666667e+09 5.000000000000000e+01 1.778753444901840e-15
2.548333333333334e+09 5.000000000000001e+01 5.929200570574952e-16
2.550000000000000e+09 5.000000000000001e+01 -1.185845291818880e-15
2.551666666666667e+09 4.999999999999999e+01 5.929255792018061e-16
2.553333333333334e+09 4.999999999999999e+01 1.185857677244459e-15
2.555000000000000e+09 4.999999999999999e+01 -2.964662013168886e-15
2.556666666666667e+09 4.999999999999999e+01 -1.185872518724433e-15
2.558333333333334e+09 4.999999999999999e+01 -1.185880819058958e-15
2.560000000000000e+09 5.000000000000001e+01 -1.185889717398904e-15
2.561666666666667e+09 5.000000000000001e+01 3.557697641902354e-15
2.563333333333334e+09 4.999999999999999e+01 5.929546453570156e-16
2.565000000000000e+09 5.000000000000000e+01 -1.185919921650784e-15
2.566666666666667e+09 5.000000000000000e+01 0.000000000000000e+00
2.568333333333334e+09 4.999999999999999e+01 0.000000000000000e+00
2.570000000000000e+09 5.000000000000001e+01 1.185955034871671e-15
2.571666666666667e+09 5.000000000000000e+01 5.929839089874424e-16
2.573333333333334e+09 5.000000000000001e+01 2.964952819069358e-15
2.575000000000000e+09 5.000000000000000e+01 -5.929974717161288e-16
2.576666666666667e+09 5.000000000000001e+01 1.779013875065295e-15
2.578333333333334e+09 5.000000000000000e+01 1.779036064928293e-15
2.580000000000000e+09 5.000000000000000e+01 0.000000000000000e+00
2.581666666666667e+09 5.000000000000001e+01 -5.930275469001918e-16
2.583333333333334e+09 5.000000000000000e+01 1.186071337823218e-15
2.585000000000000e+09 4.999999999999998e+01 -5.930440207107411e-16
2.586666666666667e+09 5.000000000000001e+01 1.186105193289899e-15
2.588333333333334e+09 5.000000000000000e+01 1.779184186066398e-15
2.590000000000000e+09 4.999999999999999e+01 -5.930704171675803e-16
2.591666666666667e+09 5.000000000000001e+01 2.372318638524051e-15
2.593333333333334e+09 4.999999999999999e+01 0.000000000000000e+00
2.595000000000000e+09 5.000000000000001e+01 5.930987788415059e-16
2.596666666666667e+09 4.999999999999999e+01 5.931086447900148e-16
2.598333333333334e+09 4.999999999999999e+01 -2.372474865757895e-15
2.600000000000000e+09 4.999999999999999e+01 1.186257995587175e-15
2.601666666666667e+09 5.000000000000000e+01 -2.372557950185680e-15
2.603333333333334e+09 4.999999999999999e+01 5.931501761648524e-16
2.605000000000000e+09 4.999999999999999e+01 -2.372644199905777e-15
2.606666666666667e+09 5.000000000000001e+01 1.779516297251826e-15
2.608333333333334e+09 5.000000000000001e+01 1.186366644415177e-15
2.610000000000000e+09 5.000000000000001e+01 1.186389448230538e-15
2.611666666666667e+09 5.000000000000000e+01 5.932063079501967e-16
2.613333333333334e+09 5.000000000000001e+01 0.000000000000000e+00
2.615000000000000e+09 5.000000000000000e+01 0.000000000000000e+00
2.616666666666667e+09 5.000000000000002e+01 1.186484164077360e-15
2.618333333333334e+09 5.000000000000000e+01 -5.932543181614806e-16
2.620000000000000e+09 5.000000000000000e+01 0.000000000000000e+00
2.621666666666667e+09 4.999999999999999e+01 -1.186558499748175e-15
2.623333333333334e+09 5.000000000000000e+01 1.186583885461350e-15
2.625000000000000e+09 4.999999999999999e+01 -1.186609553941511e-15
2.626666666666667e+09 4.999999999999999e+01 5.933177440254447e-16
2.628333333333334e+09 4.999999999999999e+01 1.186661678819754e-15
2.630000000000000e+09 5.000000000000000e+01 -5.933440616890999e-16
2.631666666666667e+09 4.999999999999999e+01 5.933574077955880e-16
2.633333333333334e+09 5.000000000000000e+01 5.933708700227001e-16
2.635000000000000e+09 5.000000000000001e+01 -1.780153314246581e-15
2.636666666666667e+09 5.000000000000001e+01 2.373592415602801e-15
2.638333333333334e+09 5.000000000000001e+01 2.373647454558075e-15
2.640000000000000e+09 5.000000000000000e+01 1.186851428914104e-15
2.641666666666667e+09 5.000000000000000e+01 5.934396496443900e-16
2.643333333333334e+09 4.999999999999999e+01 5.934536580711874e-16
2.645000000000000e+09 5.000000000000000e+01 0.000000000000000e+00
2.646666666666667e+09 5.000000000000000e+01 -5.934818587525838e-16
2.648333333333334e+09 4.999999999999999e+01 5.934960461873270e-16
2.650000000000000e+09 5.000000000000001e+01 1.187020573895959e-15
2.651666666666667e+09 4.999999999999998e+01 -1.187049129114365e-15
2.653333333333334e+09 4.999999999999999e+01 -2.374155414664039e-15
2.655000000000000e+09 4.999999999999999e+01 -1.780659400689228e-15
2.656666666666667e+09 5.000000000000001e+01 2.374269605115602e-15
2.658333333333334e+09 4.999999999999999e+01 0.000000000000000e+00
2.660000000000000e+09 4.999999999999999e+01 0.000000000000000e+00
2.661666666666667e+09 4.999999999999999e+01 1.780830801954089e-15
2.663333333333334e+09 5.000000000000001e+01 2.968122826818460e-15
2.665000000000000e+09 5.000000000000001e+01 5.936388143479522e-16
2.666666666666667e+09 4.999999999999999e+01 1.187305961144245e-15
2.668333333333334e+09 4.999999999999999e+01 0.000000000000000e+00
2.670000000000000e+09 5.000000000000001e+01 -1.187362052275632e-15
2.671666666666667e+09 5.000000000000001e+01 1.781084737132605e-15
2.673333333333334e+09 5.000000000000001e+01 1.187417404184210e-15
2.675000000000000e+09 4.999999999999999e+01 -2.968611884880353e-15
2.676666666666667e+09 5.000000000000001e+01 1.187471833819562e-15
2.678333333333334e+09 5.000000000000001e+01 0.000000000000000e+00
2.680000000000000e+09 5.000000000000000e+01 -1.187525095391300e-15
2.681666666666667e+09 5.000000000000001e+01 -5.937756283641935e-16
2.683333333333334e+09 4.999999999999999e+01 5.937885407648132e-16
2.685000000000000e+09 5.000000000000001e+01 -5.938012700895131e-16
2.686666666666667e+09 4.999999999999999e+01 5.938138030136476e-16
2.688333333333334e+09 5.000000000000001e+01 2.969130661799500e-15
2.690000000000000e+09 4.999999999999999e+01 -1.781514767105681e-15
2.691666666666667e+09 5.000000000000000e+01 -5.938501698095590e-16
2.693333333333334e+09 4.999999999999999e+01 -1.781585600857408e-15
2.695000000000000e+09 4.999999999999999e+01 5.938733369288577e-16
2.696666666666667e+09 5.000000000000000e+01 -1.187769145723024e-15
2.698333333333334e+09 5.000000000000000e+01 -5.938955752034055e-16
2.700000000000000e+09 5.000000000000001e+01 1.187812700561133e-15
2.701666666666667e+09 4.999999999999999e+01 -1.187833809713676e-15
2.703333333333334e+09 4.999999999999999e+01 -1.187854483236997e-15
2.705000000000000e+09 4.999999999999999e+01 -2.969686796406332e-15
2.706666666666667e+09 4.999999999999999e+01 0.000000000000000e+00
2.708333333333334e+09 5.000000000000000e+01 -1.781870814717446e-15
2.710000000000000e+09 4.999999999999999e+01 -5.939664141814640e-16
2.711666666666667e+09 5.000000000000000e+01 0.000000000000000e+00
2.713333333333334e+09 5.000000000000001e+01 2.375939253669984e-15
2.715000000000000e+09 5.000000000000001e+01 1.187987539059337e-15
2.716666666666667e+09 4.999999999999999e+01 -1.188005165074963e-15
2.718333333333334e+09 5.000000000000001e+01 1.188022531351690e-15
2.720000000000000e+09 4.999999999999999e+01 -1.188039666620476e-15
2.721666666666667e+09 4.999999999999999e+01 -1.188056604959788e-15
2.723333333333334e+09 5.000000000000000e+01 -2.376146773084297e-15
2.725000000000000e+09 5.000000000000001e+01 5.940450276680818e-16
2.726666666666667e+09 4.999999999999999e+01 0.000000000000000e+00
2.728333333333334e+09 5.000000000000001e+01 0.000000000000000e+00
2.730000000000000e+09 4.999999999999999e+01 5.940699011284871e-16
2.731666666666667e+09 4.999999999999999e+01 -1.782234635897995e-15
2.733333333333334e+09 5.000000000000000e+01 0.000000000000000e+00
2.735000000000000e+09 4.999999999999999e+01 -1.188189975150837e-15
2.736666666666667e+09 5.000000000000001e+01 1.782310499864758e-15
2.738333333333334e+09 4.999999999999998e+01 -5.941121239279333e-16
2.740000000000000e+09 5.000000000000000e+01 1.188241751037773e-15
2.741666666666667e+09 5.000000000000000e+01 0.000000000000000e+00
2.743333333333334e+09 4.999999999999999e+01 0.000000000000000e+00
2.745000000000000e+09 4.999999999999999e+01 -2.376592136580853e-15
2.746666666666667e+09 5.000000000000000e+01 1.188314885100445e-15
2.748333333333334e+09 4.999999999999999e+01 -3.565002342229682e-15
2.750000000000000e+09 5.000000000000001e+01 1.188353779957469e-15
2.751666666666667e+09 5.000000000000001e+01 1.782560849536509e-15
2.753333333333334e+09 5.000000000000001e+01 2.970986217594469e-15
2.755000000000000e+09 5.000000000000000e+01 5.942077784552638e-16
2.756666666666667e+09 5.000000000000001e+01 2.376874252386177e-15
2.758333333333334e+09 5.000000000000000e+01 -1.782688817482484e-15
2.760000000000000e+09 5.000000000000000e+01 2.376963655855751e-15
2.761666666666667e+09 5.000000000000001e+01 5.942524936223446e-16
2.763333333333334e+09 4.999999999999999e+01 0.000000000000000e+00
2.765000000000000e+09 4.999999999999999e+01 -5.942764863465602e-16
2.766666666666667e+09 5.000000000000000e+01 5.942889039649021e-16
2.768333333333334e+09 5.000000000000000e+01 1.188603201894780e-15
2.770000000000000e+09 4.999999999999999e+01 -2.377258297493161e-15
2.771666666666667e+09 5.000000000000001e+01 -1.188655645846844e-15
2.773333333333334e+09 5.000000000000000e+01 5.943413483038615e-16
2.775000000000000e+09 5.000000000000000e+01 5.943551537624569e-16
2.776666666666667e+09 5.000000000000001e+01 1.783107722042209e-15
2.778333333333334e+09 4.999999999999999e+01 -1.188767212400654e-15
2.780000000000000e+09 4.999999999999998e+01 -2.377592976310344e-15
2.781666666666667e+09 4.999999999999999e+01 -3.566478887935504e-15
2.783333333333334e+09 5.000000000000002e+01 2.972141570988575e-15
2.785000000000000e+09 5.000000000000000e+01 1.188887482369000e-15
2.786666666666667e+09 5.000000000000001e+01 1.783378280813488e-15
2.788333333333334e+09 4.999999999999999e+01 -1.188950733839570e-15
2.790000000000000e+09 4.999999999999999e+01 5.944915548955108e-16
2.791666666666667e+09 4.999999999999999e+01 -2.378031942483737e-15
2.793333333333334e+09 5.000000000000001e+01 1.189049312490619e-15
2.795000000000000e+09 5.000000000000001e+01 1.189083129248640e-15
2.796666666666667e+09 5.000000000000000e+01 -1.189117412637770e-15
2.798333333333334e+09 5.000000000000000e+01 0.000000000000000e+00
2.800000000000000e+09 5.000000000000001e+01 -1.783780982570897e-15
2.801666666666667e+09 4.999999999999999e+01 -1.783834394822430e-15
2.803333333333334e+09 4.999999999999999e+01 -1.783888468764679e-15
2.805000000000000e+09 5.000000000000001e+01 -5.946477377711506e-16
2.806666666666667e+09 4.999999999999999e+01 1.189332409234793e-15
2.808333333333334e+09 5.000000000000001e+01 0.000000000000000e+00
2.810000000000000e+09 5.000000000000000e+01 5.947037319416105e-16
2.811666666666667e+09 5.000000000000000e+01 0.000000000000000e+00
2.813333333333334e+09 5.000000000000001e+01 2.378967918735116e-15
2.815000000000000e+09 5.000000000000000e+01 1.189522781450254e-15
2.816666666666667e+09 5.000000000000002e+01 4.758248067150291e-15
2.818333333333334e+09 4.999999999999997e+01 0.000000000000000e+00
2.820000000000000e+09 5.000000000000000e+01 0.000000000000000e+00
2.821666666666667e+09 5.000000000000001e+01 1.189681964482901e-15
2.823333333333334e+09 5.000000000000000e+01 0.000000000000000e+00
2.825000000000000e+09 5.000000000000002e+01 1.189763518804930e-15
2.826666666666667e+09 5.000000000000000e+01 -1.189804830517878e-15
2.828333333333334e+09 4.999999999999999e+01 1.189846543610588e-15
2.830000000000000e+09 5.000000000000000e+01 3.569665944059666e-15
2.831666666666667e+09 5.000000000000001e+01 2.379862196783935e-15
2.833333333333334e+09 5.000000000000000e+01 1.189973842558648e-15
2.835000000000000e+09 5.000000000000000e+01 0.000000000000000e+00
2.836666666666667e+09 5.000000000000000e+01 -1.190060129367969e-15
2.838333333333334e+09 5.000000000000000e+01 2.380207402661182e-15
2.840000000000000e+09 5.000000000000000e+01 1.190147590301556e-15
2.841666666666667e+09 5.000000000000000e+01 -1.190191802948431e-15
2.843333333333334e+09 4.999999999999999e+01 -2.380472662116026e-15
2.845000000000000e+09 5.000000000000000e+01 -1.190281162595129e-15
2.846666666666667e+09 5.000000000000001e+01 2.380652581102502e-15
2.848333333333334e+09 4.999999999999999e+01 0.000000000000000e+00
2.850000000000000e+09 4.999999999999999e+01 0.000000000000000e+00
2.851666666666667e+09 5.000000000000000e+01 1.190463430820532e-15
2.853333333333334e+09 5.000000000000000e+01 0.000000000000000e+00
2.855000000000000e+09 5.000000000000000e+01 1.190556271581036e-15
2.856666666666667e+09 4.999999999999999e+01 -1.190603108473200e-15
2.858333333333334e+09 5.000000000000000e+01 0.000000000000000e+00
2.860000000000000e+09 5.000000000000000e+01 0.000000000000000e+00
2.861666666666667e+09 5.000000000000001e+01 -1.190745316722911e-15
2.863333333333334e+09 5.000000000000000e+01 1.190793272857494e-15
2.865000000000000e+09 5.000000000000000e+01 1.190841495378470e-15
2.866666666666667e+09 5.000000000000000e+01 1.190889984036846e-15
2.868333333333334e+09 4.999999999999999e+01 -2.381877484011393e-15
2.870000000000000e+09 4.999999999999999e+01 -2.381975540838639e-15
2.871666666666667e+09 5.000000000000000e+01 0.000000000000000e+00
2.873333333333334e+09 4.999999999999999e+01 0.000000000000000e+00
2.875000000000000e+09 5.000000000000000e+01 0.000000000000000e+00
2.876666666666667e+09 5.000000000000001e+01 0.000000000000000e+00
2.878333333333334e+09 5.000000000000001e+01 0.000000000000000e+00
2.880000000000000e+09 5.000000000000001e+01 1.191287164469296e-15
2.881666666666667e+09 4.999999999999999e+01 -2.382675784146546e-15
2.883333333333334e+09 5.000000000000000e+01 0.000000000000000e+00
2.885000000000000e+09 4.999999999999999e+01 0.000000000000000e+00
2.886666666666667e+09 4.999999999999999e+01 0.000000000000000e+00
2.888333333333334e+09 5.000000000000001e+01 1.191543096925990e-15
2.890000000000000e+09 4.999999999999999e+01 2.383189875469059e-15
2.891666666666667e+09 5.000000000000000e+01 2.383293978525681e-15
2.893333333333334e+09 5.000000000000001e+01 1.191699249542541e-15
2.895000000000000e+09 4.999999999999999e+01 0.000000000000000e+00
2.896666666666667e+09 5.000000000000000e+01 0.000000000000000e+00
2.898333333333334e+09 4.999999999999999e+01 -2.383714408614884e-15
2.900000000000000e+09 4.999999999999999e+01 0.000000000000000e+00
2.901666666666667e+09 5.000000000000001e+01 1.191963397445858e-15
2.903333333333334e+09 4.999999999999999e+01 0.000000000000000e+00
2.905000000000000e+09 5.000000000000000e+01 2.384140475815790e-15
2.906666666666667e+09 5.000000000000001e+01 0.000000000000000e+00
2.908333333333334e+09 5.000000000000001e+01 3.576532885603767e-15
2.910000000000000e+09 5.000000000000001e+01 1.192231500053273e-15
2.911666666666667e+09 5.000000000000000e+01 0.000000000000000e+00
2.913333333333334e+09 4.999999999999999e+01 1.192339566372167e-15
2.915000000000000e+09 5.000000000000001e+01 1.192393743727038e-15
2.916666666666667e+09 5.000000000000001e+01 1.192447994694877e-15
2.918333333333334e+09 5.000000000000001e+01 2.385004597161623e-15
2.920000000000000e+09 5.000000000000001e+01 0.000000000000000e+00
2.921666666666667e+09 5.000000000000001e+01 2.385222000274293e-15
2.923333333333334e+09 5.000000000000000e+01 -1.192665371435460e-15
2.925000000000000e+09 4.999999999999999e+01 0.000000000000000e+00
2.926666666666667e+09 5.000000000000000e+01 -1.192774059121107e-15
2.928333333333334e+09 5.000000000000000e+01 -1.192828324456751e-15
2.930000000000000e+09 5.000000000000001e+01 1.192882509334610e-15
2.931666666666667e+09 4.999999999999999e+01 -2.385873203535714e-15
2.933333333333334e+09 5.000000000000000e+01 2.385981183797715e-15
2.935000000000000e+09 5.000000000000000e+01 0.000000000000000e+00
2.936666666666667e+09 5.000000000000000e+01 1.193098201692650e-15
2.938333333333334e+09 4.999999999999999e+01 0.000000000000000e+00
2.940000000000000e+09 5.000000000000001e+01 2.386410375110633e-15
2.941666666666667e+09 4.999999999999999e+01 -1.193258412282055e-15
2.943333333333334e+09 5.000000000000000e+01 -1.193311440586131e-15
2.945000000000000e+09 4.999999999999999e+01 -1.193364245062798e-15
2.946666666666667e+09 5.000000000000000e+01 2.386833571844279e-15
2.948333333333334e+09 5.000000000000000e+01 0.000000000000000e+00
2.950000000000000e+09 5.000000000000001e+01 1.193520928495017e-15
2.951666666666667e+09 5.000000000000000e+01 -1.193572491871241e-15
2.953333333333334e+09 5.000000000000000e+01 -1.193623707164526e-15
2.955000000000000e+09 4.999999999999999e+01 1.193674558299602e-15
2.956666666666667e+09 5.000000000000001e+01 1.193725013176817e-15
2.958333333333334e+09 5.000000000000001e+01 0.000000000000000e+00
2.960000000000000e+09 4.999999999999999e+01 0.000000000000000e+00
2.961666666666667e+09 4.999999999999999e+01 0.000000000000000e+00
2.963333333333334e+09 5.000000000000000e+01 -1.193922314447796e-15
2.965000000000000e+09 5.000000000000000e+01 2.387940951444418e-15
2.966666666666667e+09 5.000000000000002e+01 3.582054440314650e-15
2.968333333333334e+09 5.000000000000001e+01 2.388130585709770e-15
2.970000000000000e+09 5.000000000000001e+01 3.582335659681782e-15
2.971666666666667e+09 5.000000000000001e+01 3.582473762351960e-15
2.973333333333334e+09 5.000000000000000e+01 1.194203402253485e-15
2.975000000000000e+09 5.000000000000000e+01 1.194248330651056e-15
2.976666666666667e+09 5.000000000000001e+01 1.194292683148231e-15
2.978333333333334e+09 5.000000000000000e+01 1.194336421034433e-15
2.980000000000000e+09 5.000000000000001e+01 0.000000000000000e+00
2.981666666666667e+09 5.000000000000000e+01 -1.194421972177451e-15
2.983333333333334e+09 5.000000000000000e+01 3.583391487142126e-15
2.985000000000000e+09 4.999999999999999e+01 -2.389010261129465e-15
2.986666666666667e+09 5.000000000000000e+01 -1.194545892930465e-15
2.988333333333334e+09 4.999999999999999e+01 -1.194586091032163e-15
2.990000000000000e+09 4.999999999999999e+01 -2.389251354210065e-15
2.991666666666667e+09 5.000000000000000e+01 1.194664616912080e-15
2.993333333333334e+09 4.999999999999999e+01 1.194702915499451e-15
2.995000000000000e+09 5.000000000000000e+01 2.389481227841100e-15
2.996666666666667e+09 4.999999999999999e+01 0.000000000000000e+00
2.998333333333334e+09 4.999999999999999e+01 -2.389628780097041e-15
3.000000000000000e+09 5.000000000000000e+01 2.389701001142902e-15
