2.000000000000000e+09 2.589608714297731e+02 -7.504493573605859e+01
2.001666666666667e+09 2.580096310164269e+02 -7.487273961839669e+01
2.003333333333333e+09 2.570568484143458e+02 -7.469690013644532e+01
2.005000000000000e+09 2.561026265459366e+02 -7.451732411703857e+01
2.006666666666667e+09 2.551470763806520e+02 -7.433391500696821e+01
2.008333333333333e+09 2.541903198984641e+02 -7.414657339569428e+01
2.010000000000000e+09 2.532324892969152e+02 -7.395519767003655e+01
2.011666666666667e+09 2.522737241973502e+02 -7.375968401964828e+01
2.013333333333333e+09 2.513141705100765e+02 -7.355992576216738e+01
2.015000000000000e+09 2.503539826618097e+02 -7.335581267344305e+01
2.016666666666667e+09 2.493933273445984e+02 -7.314723098614969e+01
2.018333333333333e+09 2.484323854216086e+02 -7.293406402876408e+01
2.020000000000000e+09 2.474713505009025e+02 -7.271619282982456e+01
2.021666666666667e+09 2.465104259817570e+02 -7.249349603820997e+01
2.023333333333333e+09 2.455498238726465e+02 -7.226584916120784e+01
2.025000000000000e+09 2.445897670353300e+02 -7.203312376075731e+01
2.026666666666667e+09 2.436304933901350e+02 -7.179518727765483e+01
2.028333333333333e+09 2.426722589668498e+02 -7.155190356948879e+01
2.030000000000000e+09 2.417153379447804e+02 -7.130313361190481e+01
2.031666666666667e+09 2.407600207055476e+02 -7.104873570934008e+01
2.033333333333333e+09 2.398066127208926e+02 -7.078856506565332e+01
2.035000000000000e+09 2.388554362085663e+02 -7.052247319621242e+01
2.036666666666667e+09 2.379068337934612e+02 -7.025030783765463e+01
2.038333333333333e+09 2.369611713939759e+02 -6.997191356896096e+01
2.040000000000000e+09 2.360188380552593e+02 -6.968713269173966e+01
2.041666666666667e+09 2.350802430714400e+02 -6.939580562095813e+01
2.043333333333333e+09 2.341458132373331e+02 -6.909777038352337e+01
2.045000000000000e+09 2.332159933126466e+02 -6.879286153716292e+01
2.046666666666667e+09 2.322912505269308e+02 -6.848090932298736e+01
2.048333333333333e+09 2.313720809953380e+02 -6.816173974714080e+01
2.050000000000000e+09 2.304590145614685e+02 -6.783517564606579e+01
2.051666666666667e+09 2.295526157996320e+02 -6.750103812588240e+01
2.053333333333333e+09 2.286534816490946e+02 -6.715914756987181e+01
2.055000000000000e+09 2.277622383215627e+02 -6.680932378343736e+01
2.056666666666667e+09 2.268795402635527e+02 -6.645138546779968e+01
2.058333333333333e+09 2.260060722625152e+02 -6.608514962008512e+01
2.060000000000000e+09 2.251425537205649e+02 -6.571043141208108e+01
2.061666666666667e+09 2.242897431146135e+02 -6.532704472748178e+01
2.063333333333333e+09 2.234484410808334e+02 -6.493480315825521e+01
2.065000000000000e+09 2.226194917039190e+02 -6.453352110804271e+01
2.066666666666667e+09 2.218037825274127e+02 -6.412301472535596e+01
2.068333333333333e+09 2.210022441507437e+02 -6.370310254516257e+01
2.070000000000000e+09 2.202158502592981e+02 -6.327360584379195e+01
2.071666666666667e+09 2.194456188233887e+02 -6.283434881569369e+01
2.073333333333333e+09 2.186926149229022e+02 -6.238515880082495e+01
2.075000000000000e+09 2.179579549706594e+02 -6.192586687768007e+01
2.076666666666667e+09 2.172428111674099e+02 -6.145630905883541e+01
2.078333333333333e+09 2.165484145236226e+02 -6.097632803042701e+01
2.080000000000000e+09 2.158760554166749e+02 -6.048577502186863e+01
2.081666666666667e+09 2.152270822775926e+02 -5.998451127197433e+01
2.083333333333333e+09 2.146029004789311e+02 -5.947240884380389e+01
2.085000000000000e+09 2.140049735261169e+02 -5.894935107240192e+01
2.086666666666667e+09 2.134348269921484e+02 -5.841523329139145e+01
2.088333333333333e+09 2.128940535001851e+02 -5.786996434894920e+01
2.090000000000000e+09 2.123843162180167e+02 -5.731346886607880e+01
2.091666666666667e+09 2.119073495512026e+02 -5.674568966303504e+01
2.093333333333333e+09 2.114649580089566e+02 -5.616658973423903e+01
2.095000000000000e+09 2.110590156056543e+02 -5.557615362998428e+01
2.096666666666667e+09 2.106914674551778e+02 -5.497438868266348e+01
2.098333333333333e+09 2.103643330809853e+02 -5.436132668086349e+01
2.100000000000000e+09 2.100797093461168e+02 -5.373702620601382e+01
2.101666666666667e+09 2.098397712557969e+02 -5.310157526923560e+01
2.103333333333333e+09 2.096467708299547e+02 -5.245509365612079e+01
2.105000000000000e+09 2.095030359430487e+02 -5.179773471159698e+01
2.106666666666667e+09 2.094109708976470e+02 -5.112968686286032e+01
2.108333333333333e+09 2.093730586797298e+02 -5.045117544928122e+01
2.110000000000000e+09 2.093918630577621e+02 -4.976246515070138e+01
2.111666666666667e+09 2.094700285960576e+02 -4.906386274451810e+01
2.113333333333333e+09 2.096102783034700e+02 -4.835571960361180e+01
2.115000000000000e+09 2.098154104535773e+02 -4.763843355784959e+01
2.116666666666667e+09 2.100882964149737e+02 -4.691245026468782e+01
2.118333333333333e+09 2.104318799187772e+02 -4.617826457023403e+01
2.120000000000000e+09 2.108491764704738e+02 -4.543642219278787e+01
2.121666666666667e+09 2.113432711892252e+02 -4.468752160227996e+01
2.123333333333333e+09 2.119173144980284e+02 -4.393221565641029e+01
2.125000000000000e+09 2.125745165476312e+02 -4.317121266527356e+01
2.126666666666667e+09 2.133181415941832e+02 -4.240527693139963e+01
2.128333333333333e+09 2.141515025728947e+02 -4.163522904453401e+01
2.130000000000000e+09 2.150779549978596e+02 -4.086194607938039e+01
2.131666666666667e+09 2.161008893092351e+02 -4.008636153947896e+01
2.133333333333333e+09 2.172237218198805e+02 -3.930946479185069e+01
2.135000000000000e+09 2.184498851584478e+02 -3.853229998362762e+01
2.136666666666667e+09 2.197828184468036e+02 -3.775596473965140e+01
2.138333333333333e+09 2.212259558484296e+02 -3.698160889199420e+01
2.140000000000000e+09 2.227827113675034e+02 -3.621043301871644e+01
2.141666666666667e+09 2.244564591573885e+02 -3.544368610457629e+01
2.143333333333333e+09 2.262505112969822e+02 -3.468266173301439e+01
2.145000000000000e+09 2.281680964853239e+02 -3.392869295467111e+01
2.146666666666667e+09 2.302123414679125e+02 -3.318314676473463e+01
2.148333333333334e+09 2.323862530822733e+02 -3.244741918059123e+01
2.150000000000000e+09 2.346926959268519e+02 -3.172293103020550e+01
2.151666666666667e+09 2.371343618174315e+02 -3.101112340679383e+01
2.153333333333334e+09 2.397137320969147e+02 -3.031345135501628e+01
2.155000000000000e+09 2.424330386613165e+02 -2.963137520123273e+01
2.156666666666667e+09 2.452942299670011e+02 -2.896635041971541e+01
2.158333333333334e+09 2.482989434714499e+02 -2.831981779836523e+01
2.160000000000000e+09 2.514484797160486e+02 -2.769319513294016e+01
2.161666666666667e+09 2.547437709806487e+02 -2.708787013660157e+01
2.163333333333334e+09 2.581853413930613e+02 -2.650519300991097e+01
2.165000000000000e+09 2.617732624398824e+02 -2.594646726320017e+01
2.166666666666667e+09 2.655071119723396e+02 -2.541293880490327e+01
2.168333333333334e+09 2.693859423873625e+02 -2.490578476317318e+01
2.170000000000000e+09 2.734082568234313e+02 -2.442610371989799e+01
2.171666666666667e+09 2.775719871289379e+02 -2.397490785014151e+01
2.173333333333334e+09 2.818744687397288e+02 -2.355311598538605e+01
2.175000000000000e+09 2.863124142567746e+02 -2.316154621935702e+01
2.176666666666667e+09 2.908818932604117e+02 -2.280090771013132e+01
2.178333333333334e+09 2.955783251777157e+02 -2.247179281621357e+01
2.180000000000000e+09 3.003964852042258e+02 -2.217467121656195e+01
2.181666666666667e+09 3.053305166077158e+02 -2.190988668208339e+01
2.183333333333334e+09 3.103739426542994e+02 -2.167765557552866e+01
2.185000000000000e+09 3.155196783663509e+02 -2.147806544629369e+01
2.186666666666667e+09 3.207600500270840e+02 -2.131107295126317e+01
2.188333333333334e+09 3.260868313253829e+02 -2.117650199655108e+01
2.190000000000000e+09 3.314912977635262e+02 -2.107404390554479e+01
2.191666666666667e+09 3.369642916613286e+02 -2.100326068972293e+01
2.193333333333334e+09 3.424962872751304e+02 -2.096359075438555e+01
2.195000000000000e+09 3.480774520239632e+02 -2.095435519025484e+01
2.196666666666667e+09 3.536977097790935e+02 -2.097476326190986e+01
2.198333333333334e+09 3.593468163144954e+02 -2.102391738081995e+01
2.200000000000000e+09 3.650144511240169e+02 -2.110081920498423e+01
2.201666666666667e+09 3.706903188771059e+02 -2.120437830011837e+01
2.203333333333334e+09 3.763642475902365e+02 -2.133342321802973e+01
2.205000000000000e+09 3.820262747614731e+02 -2.148671331787078e+01
2.206666666666667e+09 3.876667235406819e+02 -2.166294951928480e+01
2.208333333333334e+09 3.932762788575518e+02 -2.186078350422668e+01
2.210000000000000e+09 3.988460715066995e+02 -2.207882647241416e+01
2.211666666666667e+09 4.043677684680572e+02 -2.231565905341699e+01
2.213333333333334e+09 4.098336587865596e+02 -2.256984306429626e+01
2.215000000000000e+09 4.152367234297055e+02 -2.283993435490974e+01
2.216666666666667e+09 4.205706846140639e+02 -2.312449520320057e+01
2.218333333333334e+09 4.258300387016290e+02 -2.342210509279309e+01
2.220000000000000e+09 4.310100804190912e+02 -2.373136972508249e+01
2.221666666666667e+09 4.361069235768121e+02 -2.405092891582173e+01
2.223333333333334e+09 4.411175183524407e+02 -2.437946414320609e+01
2.225000000000000e+09 4.460396617950958e+02 -2.471570613698909e+01
2.226666666666667e+09 4.508719977295486e+02 -2.505844246972973e+01
2.228333333333334e+09 4.556140033282743e+02 -2.540652486022607e+01
2.230000000000000e+09 4.602659610604987e+02 -2.575887576992544e+01
2.231666666666667e+09 4.648289167756768e+02 -2.611449380199185e+01
2.233333333333334e+09 4.693046276001700e+02 -2.647245751048697e+01
2.235000000000000e+09 4.736955056091632e+02 -2.683192761220269e+01
2.236666666666667e+09 4.780045624146535e+02 -2.719214810885005e+01
2.238333333333334e+09 4.822353554455885e+02 -2.755244705905633e+01
2.240000000000000e+09 4.863919319407593e+02 -2.791223741213041e+01
2.241666666666667e+09 4.904787658807264e+02 -2.827101764957104e+01
2.243333333333334e+09 4.945006873652471e+02 -2.862837156732315e+01
2.245000000000000e+09 4.984628094469290e+02 -2.898396677418475e+01
2.246666666666667e+09 5.023704587555657e+02 -2.933755215551434e+01
2.248333333333334e+09 5.062291119410510e+02 -2.968895498661691e+01
2.250000000000000e+09 5.100443343830858e+02 -3.003807812931638e+01
2.251666666666667e+09 5.138217167263161e+02 -3.038489706827487e+01
2.253333333333334e+09 5.175668098526633e+02 -3.072945617656196e+01
2.255000000000000e+09 5.212850646283089e+02 -3.107186399610054e+01
2.256666666666667e+09 5.249817824505712e+02 -3.141228812912567e+01
2.258333333333334e+09 5.286620753161642e+02 -3.175095070339658e+01
2.260000000000000e+09 5.323308264798133e+02 -3.208812479594064e+01
2.261666666666667e+09 5.359926429516488e+02 -3.242413111385110e+01
2.263333333333334e+09 5.396518003918542e+02 -3.275933367230781e+01
2.265000000000000e+09 5.433121915232532e+02 -3.309413382367824e+01
2.266666666666667e+09 5.469772907546559e+02 -3.342896333561168e+01
2.268333333333334e+09 5.506501376011580e+02 -3.376427808691361e+01
2.270000000000000e+09 5.543333279898415e+02 -3.410055348181294e+01
2.271666666666667e+09 5.580289979567759e+02 -3.443828120291836e+01
2.273333333333334e+09 5.617387935453871e+02 -3.477796572378383e+01
2.275000000000000e+09 5.654638363636643e+02 -3.512011919580515e+01
2.276666666666667e+09 5.692047023925936e+02 -3.546525481121414e+01
2.278333333333334e+09 5.729614244108999e+02 -3.581388025547588e+01
2.280000000000000e+09 5.767335112846649e+02 -3.616649306035134e+01
2.281666666666667e+09 5.805199647575678e+02 -3.652357832288310e+01
2.283333333333334e+09 5.843192772474422e+02 -3.688560745217455e+01
2.285000000000000e+09 5.881294106894678e+02 -3.725303582131671e+01
2.286666666666667e+09 5.919477736537245e+02 -3.762629806885571e+01
2.288333333333334e+09 5.957712184862938e+02 -3.800580161996663e+01
2.290000000000000e+09 5.995960690322397e+02 -3.839192038692741e+01
2.291666666666667e+09 6.034181714593657e+02 -3.878499059370638e+01
2.293333333333334e+09 6.072329488040846e+02 -3.918530938786686e+01
2.295000000000000e+09 6.110354412724627e+02 -3.959313535040298e+01
2.296666666666667e+09 6.148203262812190e+02 -4.000868920675811e+01
2.298333333333334e+09 6.185819257661828e+02 -4.043215332879080e+01
2.300000000000000e+09 6.223142154670343e+02 -4.086366961222311e+01
2.301666666666667e+09 6.260108493032985e+02 -4.130333633480506e+01
2.303333333333334e+09 6.296652043156914e+02 -4.175120514572651e+01
2.305000000000000e+09 6.332704426232069e+02 -4.220727927066625e+01
2.306666666666667e+09 6.368195804064048e+02 -4.267151347980177e+01
2.308333333333334e+09 6.403055524375395e+02 -4.314381563151935e+01
2.310000000000000e+09 6.437212646791290e+02 -4.362404899841533e+01
2.311666666666667e+09 6.470596351836080e+02 -4.411203440458827e+01
2.313333333333334e+09 6.503136308377004e+02 -4.460755157757819e+01
2.315000000000000e+09 6.534763098015317e+02 -4.511033984849693e+01
2.316666666666667e+09 6.565408749234325e+02 -4.562009895470424e+01
2.318333333333334e+09 6.595007348739537e+02 -4.613649077510639e+01
2.320000000000000e+09 6.623495633371256e+02 -4.665914229704912e+01
2.321666666666667e+09 6.650813470620748e+02 -4.718764937035186e+01
2.323333333333334e+09 6.676904204041051e+02 -4.772158040501430e+01
2.325000000000000e+09 6.701714917597137e+02 -4.826047938959451e+01
2.326666666666667e+09 6.725196701818005e+02 -4.880386822881733e+01
2.328333333333334e+09 6.747304969274662e+02 -4.935124891604345e+01
2.330000000000000e+09 6.767999803884003e+02 -4.990210611158327e+01
2.331666666666667e+09 6.787246289645105e+02 -5.045591035536604e+01
2.333333333333334e+09 6.805014770826210e+02 -5.101212176626755e+01
2.335000000000000e+09 6.821281024935870e+02 -5.157019396145721e+01
2.336666666666667e+09 6.836026345847918e+02 -5.212957802799505e+01
2.338333333333334e+09 6.849237527751183e+02 -5.268972642757493e+01
2.340000000000000e+09 6.860906737511200e+02 -5.325009655835139e+01
2.341666666666667e+09 6.871031293135461e+02 -5.381015351239249e+01
2.343333333333334e+09 6.879613420627030e+02 -5.436937170891708e+01
2.345000000000000e+09 6.886660089089388e+02 -5.492723567704098e+01
2.346666666666667e+09 6.892182975235557e+02 -5.548324094453397e+01
2.348333333333334e+09 6.896198493674764e+02 -5.603689611981399e+01
2.350000000000000e+09 6.898727729942931e+02 -5.658772648531860e+01
2.351666666666667e+09 6.899796124395552e+02 -5.713527814116119e+01
2.353333333333334e+09 6.899432898804387e+02 -5.767912092154704e+01
2.355000000000000e+09 6.897670403023220e+02 -5.821884876564816e+01
2.356666666666667e+09 6.894543638456601e+02 -5.875407784388364e+01
2.358333333333334e+09 6.890090102304481e+02 -5.928444438503442e+01
2.360000000000000e+09 6.884349854322141e+02 -5.980960446290832e+01
2.361666666666667e+09 6.877365517949974e+02 -6.032923653742778e+01
2.363333333333334e+09 6.869181952775671e+02 -6.084304528644052e+01
2.365000000000000e+09 6.859845577575495e+02 -6.135076397688837e+01
2.366666666666667e+09 6.849403603721900e+02 -6.185215345319430e+01
2.368333333333334e+09 6.837903530558691e+02 -6.234699825905732e+01
2.370000000000000e+09 6.825393069947926e+02 -6.283510257136118e+01
2.371666666666667e+09 6.811920343175880e+02 -6.331628872827192e+01
2.373333333333334e+09 6.797533989729491e+02 -6.379039900574794e+01
2.375000000000000e+09 6.782282914782719e+02 -6.425729861483934e+01
2.376666666666667e+09 6.766215713905472e+02 -6.471687685693485e+01
2.378333333333334e+09 6.749380093585120e+02 -6.516904487168635e+01
2.380000000000000e+09 6.731822620753625e+02 -6.561373122427024e+01
2.381666666666667e+09 6.713588870151224e+02 -6.605087836185741e+01
2.383333333333334e+09 6.694723716140178e+02 -6.648044221842729e+01
2.385000000000000e+09 6.675271405894605e+02 -6.690239457753736e+01
2.386666666666667e+09 6.655275245390902e+02 -6.731672544350128e+01
2.388333333333334e+09 6.634777065201549e+02 -6.772344259171277e+01
2.390000000000000e+09 6.613816831305985e+02 -6.812256773280059e+01
2.391666666666667e+09 6.592432666528412e+02 -6.851413146604466e+01
2.393333333333334e+09 6.570661236803548e+02 -6.889817019799582e+01
2.395000000000000e+09 6.548538186173771e+02 -6.927472671115872e+01
2.396666666666667e+09 6.526098283359279e+02 -6.964385333660479e+01
2.398333333333334e+09 6.503375172368708e+02 -7.000561485756525e+01
2.400000000000000e+09 6.480400910065665e+02 -7.036008864398171e+01
2.401666666666667e+09 6.457205608035746e+02 -7.070736162029837e+01
2.403333333333334e+09 6.433817397451753e+02 -7.104752581405405e+01
2.405000000000000e+09 6.410262704708041e+02 -7.138067492958373e+01
2.406666666666667e+09 6.386566639707887e+02 -7.170690339775784e+01
2.408333333333334e+09 6.362753271459651e+02 -7.202630763027068e+01
2.410000000000000e+09 6.338845680842632e+02 -7.233898800639454e+01
2.411666666666667e+09 6.314865833111445e+02 -7.264505006383690e+01
2.413333333333334e+09 6.290834401746235e+02 -7.294460419466267e+01
2.415000000000000e+09 6.266770667220748e+02 -7.323776413750538e+01
2.416666666666667e+09 6.242692542831663e+02 -7.352464511221856e+01
2.418333333333334e+09 6.218616702785806e+02 -7.380536240403771e+01
2.420000000000000e+09 6.194558746080181e+02 -7.408003078071290e+01
2.421666666666667e+09 6.170533332113660e+02 -7.434876464783656e+01
2.423333333333334e+09 6.146554254881059e+02 -7.461167855904860e+01
2.425000000000000e+09 6.122634457890930e+02 -7.486888767121241e+01
2.426666666666667e+09 6.098786013410968e+02 -7.512050788516895e+01
2.428333333333334e+09 6.075020093742986e+02 -7.536665558887100e+01
2.430000000000000e+09 6.051346958472102e+02 -7.560744703016759e+01
2.431666666666667e+09 6.027775979654058e+02 -7.584299742977791e+01
2.433333333333334e+09 6.004315722759216e+02 -7.607342009137643e+01
2.435000000000000e+09 5.980974080102385e+02 -7.629882594004884e+01
2.436666666666667e+09 5.957758412174505e+02 -7.651932389572464e+01
2.438333333333334e+09 5.934675618442984e+02 -7.673502205000152e+01
2.440000000000000e+09 5.911732077924172e+02 -7.694602890336809e+01
2.441666666666667e+09 5.888933486607834e+02 -7.715245351389555e+01
2.443333333333334e+09 5.866284722057911e+02 -7.735440389833254e+01
2.445000000000000e+09 5.843789890093253e+02 -7.755198434694174e+01
2.446666666666667e+09 5.821452599184867e+02 -7.774529351461602e+01
2.448333333333334e+09 5.799276322985612e+02 -7.793442504510539e+01
2.450000000000000e+09 5.777264600438793e+02 -7.811947077421678e+01
2.451666666666667e+09 5.755420906860525e+02 -7.830052439704814e+01
2.453333333333334e+09 5.733748274541251e+02 -7.847768273702754e+01
2.455000000000000e+09 5.712248957702194e+02 -7.865104336335688e+01
2.456666666666667e+09 5.690924427275980e+02 -7.882070021070298e+01
2.458333333333334e+09 5.669775725659048e+02 -7.898674064904709e+01
2.460000000000000e+09 5.648803910664450e+02 -7.914924641551107e+01
2.461666666666667e+09 5.628010234048269e+02 -7.930829761837884e+01
2.463333333333334e+09 5.607395922152011e+02 -7.946397635465897e+01
2.465000000000000e+09 5.586961771988555e+02 -7.961636677396029e+01
2.466666666666667e+09 5.566707939573139e+02 -7.976555155547676e+01
2.468333333333334e+09 5.546634124176464e+02 -7.991160800310733e+01
2.470000000000000e+09 5.526739991638773e+02 -8.005460733633178e+01
2.471666666666667e+09 5.507025460156987e+02 -8.019461782998664e+01
2.473333333333334e+09 5.487490600371527e+02 -8.033170887677407e+01
2.475000000000000e+09 5.468135264330058e+02 -8.046595217173163e+01
2.476666666666667e+09 5.448958815791196e+02 -8.059741895853375e+01
2.478333333333334e+09 5.429960237675872e+02 -8.072617611361265e+01
2.480000000000000e+09 5.411138523716887e+02 -8.085228509259436e+01
2.481666666666667e+09 5.392492969108984e+02 -8.097580508091779e+01
2.483333333333334e+09 5.374023049094739e+02 -8.109679749235123e+01
2.485000000000000e+09 5.355727963418087e+02 -8.121532727769545e+01
2.486666666666667e+09 5.337606268894790e+02 -8.133145917288977e+01
2.488333333333334e+09 5.319655985283424e+02 -8.144525176904506e+01
2.490000000000000e+09 5.301875150713618e+02 -8.155675471704497e+01
2.491666666666667e+09 5.284262384567138e+02 -8.166601202335262e+01
2.493333333333334e+09 5.266816975760291e+02 -8.177306915802650e+01
2.495000000000000e+09 5.249538404428927e+02 -8.187797824293946e+01
2.496666666666667e+09 5.232425684493787e+02 -8.198079708515780e+01
2.498333333333334e+09 5.215477058676911e+02 -8.208158299001265e+01
2.500000000000000e+09 5.198690264872265e+02 -8.218038654735815e+01
2.501666666666667e+09 5.182063111921317e+02 -8.227725024070421e+01
2.503333333333334e+09 5.165593880521271e+02 -8.237221231868980e+01
2.505000000000000e+09 5.149281274183442e+02 -8.246531202980476e+01
2.506666666666667e+09 5.133124060799868e+02 -8.255659185520281e+01
2.508333333333334e+09 5.117120775078830e+02 -8.264609576782769e+01
2.510000000000000e+09 5.101269711831450e+02 -8.273386622948502e+01
2.511666666666667e+09 5.085569112202605e+02 -8.281994311052235e+01
2.513333333333334e+09 5.070017275340074e+02 -8.290436493294685e+01
2.515000000000000e+09 5.054612472890397e+02 -8.298717004356571e+01
2.516666666666667e+09 5.039352820025586e+02 -8.306839559179217e+01
2.518333333333334e+09 5.024236342945256e+02 -8.314807518169103e+01
2.520000000000000e+09 5.009261264115989e+02 -8.322623836315130e+01
2.521666666666667e+09 4.994426229148585e+02 -8.330291382154071e+01
2.523333333333334e+09 4.979730166616571e+02 -8.337813410550974e+01
2.525000000000000e+09 4.965171798490697e+02 -8.345193712324679e+01
2.526666666666667e+09 4.950749214396366e+02 -8.352436172029221e+01
2.528333333333334e+09 4.936459971036978e+02 -8.359544020457459e+01
2.530000000000000e+09 4.922301755618120e+02 -8.366519457948290e+01
2.531666666666667e+09 4.908273098918897e+02 -8.373364115277586e+01
2.533333333333334e+09 4.894373465943480e+02 -8.380080106951306e+01
2.535000000000000e+09 4.880602508182955e+02 -8.386670821713402e+01
2.536666666666667e+09 4.866958992763055e+02 -8.393140680727643e+01
2.538333333333334e+09 4.853440292293528e+02 -8.399493892896177e+01
2.540000000000000e+09 4.840042950713256e+02 -8.405733113237423e+01
2.541666666666667e+09 4.826763988420703e+02 -8.411859096121869e+01
2.543333333333334e+09 4.813601974106437e+02 -8.417871711195610e+01
2.545000000000000e+09 4.800557024199093e+02 -8.423771614781266e+01
2.546666666666667e+09 4.787629711838530e+02 -8.429561329601297e+01
2.548333333333334e+09 4.774819711317643e+02 -8.435244939916844e+01
2.550000000000000e+09 4.762125182690898e+02 -8.440826689480321e+01
2.551666666666667e+09 4.749543284279095e+02 -8.446309590156855e+01
2.553333333333334e+09 4.737071315697958e+02 -8.451695057526371e+01
2.555000000000000e+09 4.724707565820442e+02 -8.456983707962034e+01
2.556666666666667e+09 4.712451278771208e+02 -8.462176543575180e+01
2.558333333333334e+09 4.700301916533625e+02 -8.467275552679969e+01
2.560000000000000e+09 4.688258425570227e+02 -8.472283357705358e+01
2.561666666666667e+09 4.676319100406858e+02 -8.477202368704955e+01
2.563333333333334e+09 4.664482050291882e+02 -8.482034237591412e+01
2.565000000000000e+09 4.652745766563242e+02 -8.486780030906461e+01
2.566666666666667e+09 4.641109280939852e+02 -8.491440856930795e+01
2.568333333333334e+09 4.629571840593368e+02 -8.496018324893674e+01
2.570000000000000e+09 4.618132465407340e+02 -8.500514454976663e+01
2.571666666666667e+09 4.606789803700710e+02 -8.504931209150695e+01
2.573333333333334e+09 4.595542366647360e+02 -8.509270136106815e+01
2.575000000000000e+09 4.584388854981164e+02 -8.513532445076362e+01
2.576666666666667e+09 4.573328243320519e+02 -8.517719365212228e+01
2.578333333333334e+09 4.562359572134951e+02 -8.521832378610077e+01
2.580000000000000e+09 4.551481706119949e+02 -8.525873086034612e+01
2.581666666666667e+09 4.540693337962904e+02 -8.529842875291909e+01
2.583333333333334e+09 4.529993239835612e+02 -8.533742780155360e+01
2.585000000000000e+09 4.519380485860150e+02 -8.537573716532039e+01
2.586666666666667e+09 4.508854382544611e+02 -8.541336869597696e+01
2.588333333333334e+09 4.498414145948489e+02 -8.545033813487132e+01
2.590000000000000e+09 4.488058648313473e+02 -8.548666192279080e+01
2.591666666666667e+09 4.477786520311291e+02 -8.552235248031080e+01
2.593333333333334e+09 4.467596549684866e+02 -8.555741683905910e+01
2.595000000000000e+09 4.457487995559249e+02 -8.559186061161064e+01
2.596666666666667e+09 4.447460475114023e+02 -8.562569397786656e+01
2.598333333333334e+09 4.437513472881550e+02 -8.565893383433048e+01
2.600000000000000e+09 4.427645909571551e+02 -8.569159935154090e+01
2.601666666666667e+09 4.417856200216669e+02 -8.572370436949967e+01
2.603333333333334e+09 4.408142802948423e+02 -8.575525350141909e+01
2.605000000000000e+09 4.398504794150188e+02 -8.578624591827514e+01
2.606666666666667e+09 4.388941949787667e+02 -8.581668388349816e+01
2.608333333333334e+09 4.379454243855324e+02 -8.584657856534045e+01
2.610000000000000e+09 4.370041206228395e+02 -8.587594791983435e+01
2.611666666666667e+09 4.360701714666627e+02 -8.590480862923961e+01
2.613333333333334e+09 4.351434394715487e+02 -8.593316953220675e+01
2.615000000000000e+09 4.342238238180828e+02 -8.596103250030478e+01
2.616666666666667e+09 4.333112858147952e+02 -8.598839964403612e+01
2.618333333333334e+09 4.324058158701466e+02 -8.601527980386432e+01
2.620000000000000e+09 4.315073761409134e+02 -8.604168818255141e+01
2.621666666666667e+09 4.306158751990415e+02 -8.606763978044475e+01
2.623333333333334e+09 4.297311979182854e+02 -8.609314331208310e+01
2.625000000000000e+09 4.288532587311520e+02 -8.611820160737585e+01
2.626666666666667e+09 4.279820242265994e+02 -8.614281788396448e+01
2.628333333333334e+09 4.271174833315536e+02 -8.616700140018891e+01
2.630000000000000e+09 4.262595967915588e+02 -8.619076676988016e+01
2.631666666666667e+09 4.254082779101354e+02 -8.621412778858331e+01
2.633333333333334e+09 4.245634233462190e+02 -8.623709221847331e+01
2.635000000000000e+09 4.237249609570572e+02 -8.625966285533899e+01
2.636666666666667e+09 4.228928650456357e+02 -8.628184357998656e+01
2.638333333333334e+09 4.220671248557739e+02 -8.630364394580795e+01
2.640000000000000e+09 4.212477018267321e+02 -8.632507760633821e+01
2.641666666666667e+09 4.204345218819195e+02 -8.634615665245870e+01
2.643333333333334e+09 4.196275091780627e+02 -8.636688839053609e+01
2.645000000000000e+09 4.188266204794119e+02 -8.638727828403894e+01
2.646666666666667e+09 4.180318373701903e+02 -8.640733559595537e+01
2.648333333333334e+09 4.172431215957532e+02 -8.642707464444557e+01
2.650000000000000e+09 4.164603857387806e+02 -8.644650900912588e+01
2.651666666666667e+09 4.156835229464765e+02 -8.646564430162641e+01
2.653333333333334e+09 4.149124779728661e+02 -8.648447826417279e+01
2.655000000000000e+09 4.141472889480230e+02 -8.650301065775223e+01
2.656666666666667e+09 4.133880444620758e+02 -8.652125514108424e+01
2.658333333333334e+09 4.126347772784362e+02 -8.653924152094746e+01
2.660000000000000e+09 4.118873827798574e+02 -8.655700419054038e+01
2.661666666666667e+09 4.111456390426355e+02 -8.657456506163113e+01
2.663333333333334e+09 4.104093205546499e+02 -8.659192510876474e+01
2.665000000000000e+09 4.096783151850191e+02 -8.660907185617410e+01
2.666666666666667e+09 4.089526504240791e+02 -8.662599661994214e+01
2.668333333333334e+09 4.082324136268167e+02 -8.664270732610132e+01
2.670000000000000e+09 4.075176395798746e+02 -8.665922731008233e+01
2.671666666666667e+09 4.068082581512680e+02 -8.667558301156743e+01
2.673333333333334e+09 4.061041329197686e+02 -8.669179230637162e+01
2.675000000000000e+09 4.054051406326598e+02 -8.670786289219565e+01
2.676666666666667e+09 4.047112150439777e+02 -8.672379992571101e+01
2.678333333333334e+09 4.040223239016535e+02 -8.673961410030931e+01
2.680000000000000e+09 4.033384141640093e+02 -8.675532253447342e+01
2.681666666666667e+09 4.026593840936148e+02 -8.677094288897030e+01
2.683333333333334e+09 4.019851055561919e+02 -8.678648758969079e+01
2.685000000000000e+09 4.013154670572988e+02 -8.680196396268491e+01
2.686666666666667e+09 4.006503909019367e+02 -8.681737944744864e+01
2.688333333333334e+09 3.999898089832593e+02 -8.683274597099982e+01
2.690000000000000e+09 3.993336253502840e+02 -8.684807890439129e+01
2.691666666666667e+09 3.986817053965932e+02 -8.686339187811258e+01
2.693333333333334e+09 3.980339022406069e+02 -8.687869291600840e+01
2.695000000000000e+09 3.973900926551445e+02 -8.689398581451256e+01
2.696666666666667e+09 3.967501860622724e+02 -8.690927531257636e+01
2.698333333333334e+09 3.961140975389330e+02 -8.692457085902733e+01
2.700000000000000e+09 3.954817108780173e+02 -8.693988521684963e+01
2.701666666666667e+09 3.948528666690451e+02 -8.695522909293780e+01
2.703333333333334e+09 3.942273864448999e+02 -8.697060660224884e+01
2.705000000000000e+09 3.936051114684133e+02 -8.698601544064455e+01
2.706666666666667e+09 3.929859235213316e+02 -8.700145136121867e+01
2.708333333333334e+09 3.923697328216631e+02 -8.701691300038742e+01
2.710000000000000e+09 3.917564463535452e+02 -8.703240323992215e+01
2.711666666666667e+09 3.911459434852233e+02 -8.704792650867532e+01
2.713333333333334e+09 3.905380759830903e+02 -8.706348461437646e+01
2.715000000000000e+09 3.899326884262859e+02 -8.707907431691652e+01
2.716666666666667e+09 3.893296413069412e+02 -8.709468795430911e+01
2.718333333333334e+09 3.887288213697621e+02 -8.711031603062473e+01
2.720000000000000e+09 3.881301361258038e+02 -8.712594965295364e+01
2.721666666666667e+09 3.875335003503795e+02 -8.714158136972625e+01
2.723333333333334e+09 3.869388250876075e+02 -8.715720432782628e+01
2.725000000000000e+09 3.863460155227206e+02 -8.717281065864195e+01
2.726666666666667e+09 3.857549778322584e+02 -8.718839024057432e+01
2.728333333333334e+09 3.851656302048258e+02 -8.720393063233325e+01
2.730000000000000e+09 3.845779109998012e+02 -8.721941828131318e+01
2.731666666666667e+09 3.839917783550835e+02 -8.723484032252756e+01
2.733333333333334e+09 3.834072007219764e+02 -8.725018579108236e+01
2.735000000000000e+09 3.828241444557738e+02 -8.726544533304249e+01
2.736666666666667e+09 3.822425677449160e+02 -8.728060954706829e+01
2.738333333333334e+09 3.816624261331948e+02 -8.729566721686868e+01
2.740000000000000e+09 3.810836857970119e+02 -8.731060490645405e+01
2.741666666666667e+09 3.805063340236116e+02 -8.732540834996142e+01
2.743333333333334e+09 3.799303783408213e+02 -8.734006458080532e+01
2.745000000000000e+09 3.793558352419652e+02 -8.735456312850937e+01
2.746666666666667e+09 3.787827180725071e+02 -8.736889545178649e+01
2.748333333333334e+09 3.782110336145429e+02 -8.738305331017266e+01
2.750000000000000e+09 3.776407885691846e+02 -8.739702759161815e+01
2.751666666666667e+09 3.770719986171886e+02 -8.741080851670063e+01
2.753333333333334e+09 3.765046918345952e+02 -8.742438681236628e+01
2.755000000000000e+09 3.759389048163534e+02 -8.743775471159317e+01
2.756666666666667e+09 3.753746765246716e+02 -8.745090609714863e+01
2.758333333333334e+09 3.748120450662361e+02 -8.746383609894066e+01
2.760000000000000e+09 3.742510473697248e+02 -8.747654083671945e+01
2.761666666666667e+09 3.736917180237510e+02 -8.748901744026622e+01
2.763333333333334e+09 3.731340859622580e+02 -8.750126379155901e+01
2.765000000000000e+09 3.725781730555751e+02 -8.751327760075249e+01
2.766666666666667e+09 3.720239995351859e+02 -8.752505539315030e+01
2.768333333333334e+09 3.714715947570865e+02 -8.753659260288426e+01
2.770000000000000e+09 3.709210041966062e+02 -8.754788526978307e+01
2.771666666666667e+09 3.703722839238999e+02 -8.755893224894025e+01
2.773333333333334e+09 3.698254840321880e+02 -8.756973596230493e+01
2.775000000000000e+09 3.692806336882205e+02 -8.758030069118105e+01
2.776666666666667e+09 3.687377410347600e+02 -8.759062956762808e+01
2.778333333333334e+09 3.681968089263092e+02 -8.760072274978992e+01
2.780000000000000e+09 3.676578531764319e+02 -8.761057834150198e+01
2.781666666666667e+09 3.671209075119351e+02 -8.762019516292385e+01
2.783333333333334e+09 3.665860118017160e+02 -8.762957480796915e+01
2.785000000000000e+09 3.660531957295107e+02 -8.763872119278039e+01
2.786666666666667e+09 3.655224736352674e+02 -8.764763828851170e+01
2.788333333333334e+09 3.649938542031674e+02 -8.765632846958157e+01
2.790000000000000e+09 3.644673532489089e+02 -8.766479313141399e+01
2.791666666666667e+09 3.639429950095696e+02 -8.767303473017070e+01
2.793333333333334e+09 3.634208002832389e+02 -8.768105779436463e+01
2.795000000000000e+09 3.629007750369269e+02 -8.768886753080608e+01
2.796666666666667e+09 3.623829139622769e+02 -8.769646738229257e+01
2.798333333333334e+09 3.618672176361802e+02 -8.770385837863591e+01
2.800000000000000e+09 3.613537052891963e+02 -8.771104152641669e+01
2.801666666666667e+09 3.608424063234766e+02 -8.771802115175305e+01
2.803333333333334e+09 3.603333342776880e+02 -8.772480547743713e+01
2.805000000000000e+09 3.598264677164658e+02 -8.773140288113457e+01
2.806666666666667e+09 3.593217611716240e+02 -8.773781660586828e+01
2.808333333333334e+09 3.588191832290375e+02 -8.774404300907266e+01
2.810000000000000e+09 3.583187506303815e+02 -8.775007600070741e+01
2.811666666666667e+09 3.578205248221671e+02 -8.775591478747771e+01
2.813333333333334e+09 3.573245670397578e+02 -8.776156836010550e+01
2.815000000000000e+09 3.568308857727884e+02 -8.776705212289347e+01
2.816666666666667e+09 3.563394219397051e+02 -8.777237853244181e+01
2.818333333333334e+09 3.558500890068946e+02 -8.777754913261303e+01
2.820000000000000e+09 3.553628393825849e+02 -8.778255488903979e+01
2.821666666666667e+09 3.548777039352542e+02 -8.778738522232844e+01
2.823333333333334e+09 3.543947707927874e+02 -8.779203891948305e+01
2.825000000000000e+09 3.539141177822983e+02 -8.779652829685853e+01
2.826666666666667e+09 3.534357500878695e+02 -8.780087321325124e+01
2.828333333333334e+09 3.529595903044838e+02 -8.780508947562966e+01
2.830000000000000e+09 3.524855265900990e+02 -8.780918033460479e+01
2.831666666666667e+09 3.520134808756367e+02 -8.781313696752201e+01
2.833333333333334e+09 3.515434477470311e+02 -8.781694675529968e+01
2.835000000000000e+09 3.510754815935773e+02 -8.782060269122333e+01
2.836666666666667e+09 3.506096496822291e+02 -8.782410746564622e+01
2.838333333333334e+09 3.501459893525637e+02 -8.782747071286043e+01
2.840000000000000e+09 3.496844959932630e+02 -8.783070301941913e+01
2.841666666666667e+09 3.492251398227456e+02 -8.783381160646294e+01
2.843333333333334e+09 3.487678896640045e+02 -8.783679990043267e+01
2.845000000000000e+09 3.483127244483670e+02 -8.783966957874340e+01
2.846666666666667e+09 3.478596302741147e+02 -8.784242230641080e+01
2.848333333333334e+09 3.474085941271441e+02 -8.784505981727628e+01
2.850000000000000e+09 3.469596040982318e+02 -8.784758320103248e+01
2.851666666666667e+09 3.465126550618098e+02 -8.784999295485086e+01
2.853333333333334e+09 3.460677513242102e+02 -8.785229017875061e+01
2.855000000000000e+09 3.456249009455771e+02 -8.785447778877885e+01
2.856666666666667e+09 3.451841056477487e+02 -8.785656044188300e+01
2.858333333333334e+09 3.447453551923653e+02 -8.785854310893868e+01
2.860000000000000e+09 3.443086309204810e+02 -8.786042952857409e+01
2.861666666666667e+09 3.438739145527773e+02 -8.786222181202361e+01
2.863333333333334e+09 3.434411941332683e+02 -8.786392129769486e+01
2.865000000000000e+09 3.430104628760132e+02 -8.786552961403378e+01
2.866666666666667e+09 3.425817140983543e+02 -8.786704890249402e+01
2.868333333333334e+09 3.421549387988787e+02 -8.786848117162515e+01
2.870000000000000e+09 3.417301288361327e+02 -8.786982769390458e+01
2.871666666666667e+09 3.413072822738581e+02 -8.787108928571470e+01
2.873333333333334e+09 3.408864048840505e+02 -8.787226736484978e+01
2.875000000000000e+09 3.404675054247466e+02 -8.787336484835450e+01
2.876666666666667e+09 3.400505883179683e+02 -8.787438605386328e+01
2.878333333333334e+09 3.396356498531906e+02 -8.787533567294561e+01
2.880000000000000e+09 3.392226808047719e+02 -8.787621771187808e+01
2.881666666666667e+09 3.388116726124310e+02 -8.787703528465829e+01
2.883333333333334e+09 3.384026213311136e+02 -8.787779134565929e+01
2.885000000000000e+09 3.379955258502927e+02 -8.787848961271708e+01
2.886666666666667e+09 3.375903821224423e+02 -8.787913478321128e+01
2.888333333333334e+09 3.371871787173991e+02 -8.787973177548785e+01
2.890000000000000e+09 3.367858980473384e+02 -8.788028457797536e+01
2.891666666666667e+09 3.363865230365742e+02 -8.788079566438952e+01
2.893333333333334e+09 3.359890444994500e+02 -8.788126654929459e+01
2.895000000000000e+09 3.355934634748747e+02 -8.788169920610770e+01
2.896666666666667e+09 3.351997860807181e+02 -8.788209737263367e+01
2.898333333333334e+09 3.348080138780159e+02 -8.788246674817366e+01
2.900000000000000e+09 3.344181364575785e+02 -8.788281381233173e+01
2.901666666666667e+09 3.340301320315953e+02 -8.788314401062071e+01
2.903333333333334e+09 3.336439763346893e+02 -8.788346062217190e+01
2.905000000000000e+09 3.332596537315933e+02 -8.788376524027468e+01
2.906666666666667e+09 3.328771620825847e+02 -8.788405962138457e+01
2.908333333333334e+09 3.324965071537403e+02 -8.788434754111138e+01
2.910000000000000e+09 3.321176905335338e+02 -8.788463518445606e+01
2.911666666666667e+09 3.317407006288118e+02 -8.788492971923533e+01
2.913333333333334e+09 3.313655141602359e+02 -8.788523722157963e+01
2.915000000000000e+09 3.309921067567955e+02 -8.788556172971710e+01
2.916666666666667e+09 3.306204631020432e+02 -8.788590625691440e+01
2.918333333333334e+09 3.302505771660634e+02 -8.788627482574172e+01
2.920000000000000e+09 3.298824419864335e+02 -8.788667357718428e+01
2.921666666666667e+09 3.295160385109878e+02 -8.788710978119148e+01
2.923333333333334e+09 3.291513346485137e+02 -8.788758953972810e+01
2.925000000000000e+09 3.287882966148598e+02 -8.788811633005852e+01
2.926666666666667e+09 3.284269028307564e+02 -8.788869191346295e+01
2.928333333333334e+09 3.280671473297650e+02 -8.788931897578297e+01
2.930000000000000e+09 3.277090287511252e+02 -8.789000315883800e+01
2.931666666666667e+09 3.273525345128372e+02 -8.789075259200109e+01
2.933333333333334e+09 3.269976347218899e+02 -8.789157535233649e+01
2.935000000000000e+09 3.266442913193378e+02 -8.789247730748909e+01
2.936666666666667e+09 3.262924729444553e+02 -8.789346249242756e+01
2.938333333333334e+09 3.259421596555143e+02 -8.789453567356117e+01
2.940000000000000e+09 3.255933310453093e+02 -8.789570441064966e+01
2.941666666666667e+09 3.252459482670000e+02 -8.789697813324169e+01
2.943333333333334e+09 3.248999485181668e+02 -8.789836454579142e+01
2.945000000000000e+09 3.245552605654961e+02 -8.789986650201790e+01
2.946666666666667e+09 3.242118300324452e+02 -8.790148250540734e+01
2.948333333333334e+09 3.238696321220196e+02 -8.790321088295646e+01
2.950000000000000e+09 3.235286589295907e+02 -8.790505418459738e+01
2.951666666666667e+09 3.231888911687249e+02 -8.790701984282040e+01
2.953333333333334e+09 3.228502792494819e+02 -8.790911633201374e+01
2.955000000000000e+09 3.225127512392908e+02 -8.791134820438778e+01
2.956666666666667e+09 3.221762409335727e+02 -8.791371457224554e+01
2.958333333333334e+09 3.218407101735774e+02 -8.791621255326226e+01
2.960000000000000e+09 3.215061440143386e+02 -8.791884257087369e+01
2.961666666666667e+09 3.211725222166062e+02 -8.792161051637881e+01
2.963333333333334e+09 3.208397931200412e+02 -8.792452454638745e+01
2.965000000000000e+09 3.205078747329170e+02 -8.792758928434849e+01
2.966666666666667e+09 3.201766830372090e+02 -8.793080276574672e+01
2.968333333333334e+09 3.198461616990957e+02 -8.793415906310469e+01
2.970000000000000e+09 3.195162851091181e+02 -8.793765421989686e+01
2.971666666666667e+09 3.191870311476092e+02 -8.794128983841532e+01
2.973333333333334e+09 3.188583492253416e+02 -8.794507063906190e+01
2.975000000000000e+09 3.185301554656398e+02 -8.794899794072141e+01
2.976666666666667e+09 3.182023630874840e+02 -8.795306516413565e+01
2.978333333333334e+09 3.178749227818079e+02 -8.795726011504448e+01
2.980000000000000e+09 3.175478356870748e+02 -8.796157286548201e+01
2.981666666666667e+09 3.172211230383646e+02 -8.796600272056466e+01
2.983333333333334e+09 3.168947740908792e+02 -8.797055793028021e+01
2.985000000000000e+09 3.165687147230023e+02 -8.797524761744043e+01
2.986666666666667e+09 3.162428242508818e+02 -8.798007196744099e+01
2.988333333333334e+09 3.159169893362497e+02 -8.798501840644546e+01
2.990000000000000e+09 3.155911539625213e+02 -8.799006679703122e+01
2.991666666666667e+09 3.152653281624424e+02 -8.799519956231514e+01
2.993333333333334e+09 3.149395515525216e+02 -8.800040902692476e+01
2.995000000000000e+09 3.146138422748223e+02 -8.800569692187554e+01
2.996666666666667e+09 3.142881697964167e+02 -8.801106738682560e+01
2.998333333333334e+09 3.139624672462624e+02 -8.801651948505062e+01
3.000000000000000e+09 3.136366670561217e+02 -8.802204466974584e+01
