2.000000000000000e+09 4.702741220805287e+01 1.778632263493913e+02
2.001666666666667e+09 4.702729841900527e+01 1.778614266525498e+02
2.003333333333333e+09 4.702718555486507e+01 1.778596278863601e+02
2.005000000000000e+09 4.702707395357968e+01 1.778578284630217e+02
2.006666666666667e+09 4.702696288473295e+01 1.778560269905902e+02
2.008333333333333e+09 4.702685106270633e+01 1.778542231741656e+02
2.010000000000000e+09 4.702673751182209e+01 1.778524178787425e+02
2.011666666666667e+09 4.702662210475476e+01 1.778506123903641e+02
2.013333333333333e+09 4.702650542966435e+01 1.778488075331336e+02
2.015000000000000e+09 4.702638821333794e+01 1.778470033072794e+02
2.016666666666667e+09 4.702627082380962e+01 1.778451991809330e+02
2.018333333333333e+09 4.702615318849825e+01 1.778433946307091e+02
2.020000000000000e+09 4.702603504091251e+01 1.778415894451245e+02
2.021666666666667e+09 4.702591616869809e+01 1.778397836589390e+02
2.023333333333333e+09 4.702579645651121e+01 1.778379773589691e+02
2.025000000000000e+09 4.702567580249599e+01 1.778361706327012e+02
2.026666666666667e+09 4.702555411060385e+01 1.778343636606299e+02
2.028333333333333e+09 4.702543141303831e+01 1.778325567313934e+02
2.030000000000000e+09 4.702530795859920e+01 1.778307500458372e+02
2.031666666666667e+09 4.702518408682418e+01 1.778289434657674e+02
2.033333333333333e+09 4.702505993415311e+01 1.778271365087250e+02
2.035000000000000e+09 4.702493524409009e+01 1.778253286904960e+02
2.036666666666667e+09 4.702480951133344e+01 1.778235199501630e+02
2.038333333333333e+09 4.702468238338850e+01 1.778217107458285e+02
2.040000000000000e+09 4.702455396556756e+01 1.778199016753352e+02
2.041666666666667e+09 4.702442472212103e+01 1.778180929303340e+02
2.043333333333333e+09 4.702429502689375e+01 1.778162840908419e+02
2.045000000000000e+09 4.702416476085160e+01 1.778144744869688e+02
2.046666666666667e+09 4.702403334144337e+01 1.778126638310275e+02
2.048333333333333e+09 4.702390018737874e+01 1.778108525472160e+02
2.050000000000000e+09 4.702376521603696e+01 1.778090414754740e+02
2.051666666666667e+09 4.702362892213210e+01 1.778072311886552e+02
2.053333333333333e+09 4.702349195285419e+01 1.778054215223785e+02
2.055000000000000e+09 4.702335454606470e+01 1.778036117372975e+02
2.056666666666667e+09 4.702321632168264e+01 1.778018011736969e+02
2.058333333333333e+09 4.702307660129848e+01 1.777999898277362e+02
2.060000000000000e+09 4.702293496842560e+01 1.777981783624138e+02
2.061666666666667e+09 4.702279158971493e+01 1.777963675731161e+02
2.063333333333333e+09 4.702264705348652e+01 1.777945577869149e+02
2.065000000000000e+09 4.702250190958856e+01 1.777927486827373e+02
2.066666666666667e+09 4.702235631887001e+01 1.777909396054196e+02
2.068333333333333e+09 4.702221006052078e+01 1.777891300210846e+02
2.070000000000000e+09 4.702206278793529e+01 1.777873197115574e+02
2.071666666666667e+09 4.702191422328786e+01 1.777855086347474e+02
2.073333333333333e+09 4.702176411257601e+01 1.777836967283829e+02
2.075000000000000e+09 4.702161206446208e+01 1.777818839547064e+02
2.076666666666667e+09 4.702145754516711e+01 1.777800705724969e+02
2.078333333333333e+09 4.702130014156310e+01 1.777782573169266e+02
2.080000000000000e+09 4.702113989871030e+01 1.777764451967863e+02
2.081666666666667e+09 4.702097740337848e+01 1.777746349724965e+02
2.083333333333333e+09 4.702081347445940e+01 1.777728267144260e+02
2.085000000000000e+09 4.702064866823196e+01 1.777710198208175e+02
2.086666666666667e+09 4.702048298340161e+01 1.777692134973841e+02
2.088333333333333e+09 4.702031598537820e+01 1.777674073098629e+02
2.090000000000000e+09 4.702014721115781e+01 1.777656013764441e+02
2.091666666666667e+09 4.701997649444175e+01 1.777637961032638e+02
2.093333333333333e+09 4.701980396040516e+01 1.777619917634458e+02
2.095000000000000e+09 4.701962976153395e+01 1.777601883138998e+02
2.096666666666667e+09 4.701945384893519e+01 1.777583855700222e+02
2.098333333333333e+09 4.701927599630998e+01 1.777565835020876e+02
2.100000000000000e+09 4.701909601361202e+01 1.777547823269295e+02
2.101666666666667e+09 4.701891389432348e+01 1.777529823158568e+02
2.103333333333333e+09 4.701872972652150e+01 1.777511835575217e+02
2.105000000000000e+09 4.701854346819184e+01 1.777493859696052e+02
2.106666666666667e+09 4.701835485631258e+01 1.777475895832954e+02
2.108333333333333e+09 4.701816360014991e+01 1.777457948046221e+02
2.110000000000000e+09 4.701796970791205e+01 1.777440023277449e+02
2.111666666666667e+09 4.701777361611952e+01 1.777422126972656e+02
2.113333333333333e+09 4.701757593563692e+01 1.777404258906818e+02
2.115000000000000e+09 4.701737698648802e+01 1.777386413384991e+02
2.116666666666667e+09 4.701717652833364e+01 1.777368584333650e+02
2.118333333333333e+09 4.701697395885097e+01 1.777350771178665e+02
2.120000000000000e+09 4.701676884140933e+01 1.777332980228684e+02
2.121666666666667e+09 4.701656130456881e+01 1.777315219995788e+02
2.123333333333333e+09 4.701635193923808e+01 1.777297494388705e+02
2.125000000000000e+09 4.701614125848526e+01 1.777279799980163e+02
2.126666666666667e+09 4.701592919735447e+01 1.777262130221969e+02
2.128333333333333e+09 4.701571513159058e+01 1.777244483236165e+02
2.130000000000000e+09 4.701549845444677e+01 1.777226866185798e+02
2.131666666666667e+09 4.701527924020720e+01 1.777209291713062e+02
2.133333333333333e+09 4.701505839804101e+01 1.777191768694915e+02
2.135000000000000e+09 4.701483711673737e+01 1.777174294844822e+02
2.136666666666667e+09 4.701461600097296e+01 1.777156857747827e+02
2.138333333333333e+09 4.701439459289352e+01 1.777139444248581e+02
2.140000000000000e+09 4.701417169539683e+01 1.777122051171577e+02
2.141666666666667e+09 4.701394628111704e+01 1.777104688968710e+02
2.143333333333333e+09 4.701371830105730e+01 1.777087375309589e+02
2.145000000000000e+09 4.701348878361178e+01 1.777070123456787e+02
2.146666666666667e+09 4.701325917041012e+01 1.777052934165851e+02
2.148333333333334e+09 4.701303041428571e+01 1.777035796817250e+02
2.150000000000000e+09 4.701280250859630e+01 1.777018698216580e+02
2.151666666666667e+09 4.701257473898122e+01 1.777001631940745e+02
2.153333333333334e+09 4.701234638257333e+01 1.776984601471174e+02
2.155000000000000e+09 4.701211728353243e+01 1.776967615822604e+02
2.156666666666667e+09 4.701188790994318e+01 1.776950682150986e+02
2.158333333333334e+09 4.701165895186535e+01 1.776933801353078e+02
2.160000000000000e+09 4.701143085902991e+01 1.776916969304164e+02
2.161666666666667e+09 4.701120368630355e+01 1.776900181487548e+02
2.163333333333334e+09 4.701097729497215e+01 1.776883436522290e+02
2.165000000000000e+09 4.701075165508264e+01 1.776866735930497e+02
2.166666666666667e+09 4.701052695895137e+01 1.776850081238760e+02
2.168333333333334e+09 4.701030347834173e+01 1.776833471686365e+02
2.170000000000000e+09 4.701008134720416e+01 1.776816904737177e+02
2.171666666666667e+09 4.700986050289273e+01 1.776800378634514e+02
2.173333333333334e+09 4.700964084700487e+01 1.776783894279673e+02
2.175000000000000e+09 4.700942246960012e+01 1.776767454449252e+02
2.176666666666667e+09 4.700920571911367e+01 1.776751060921183e+02
2.178333333333334e+09 4.700899104044768e+01 1.776734712027279e+02
2.180000000000000e+09 4.700877870868126e+01 1.776718402791929e+02
2.181666666666667e+09 4.700856867269840e+01 1.776702127607389e+02
2.183333333333334e+09 4.700836062614015e+01 1.776685883351020e+02
2.185000000000000e+09 4.700815423883498e+01 1.776669670656601e+02
2.186666666666667e+09 4.700794936913467e+01 1.776653492673246e+02
2.188333333333334e+09 4.700774611691290e+01 1.776637352561899e+02
2.190000000000000e+09 4.700754471451961e+01 1.776621251654758e+02
2.191666666666667e+09 4.700734536630847e+01 1.776605189344842e+02
2.193333333333334e+09 4.700714815679363e+01 1.776589164342189e+02
2.195000000000000e+09 4.700695307119255e+01 1.776573176112702e+02
2.196666666666667e+09 4.700676008792855e+01 1.776557225518078e+02
2.198333333333334e+09 4.700656927050869e+01 1.776541314434862e+02
2.200000000000000e+09 4.700638080704747e+01 1.776525444753836e+02
2.201666666666667e+09 4.700619498417728e+01 1.776509617352469e+02
2.203333333333334e+09 4.700601211154147e+01 1.776493831534280e+02
2.205000000000000e+09 4.700583243200228e+01 1.776478085226418e+02
2.206666666666667e+09 4.700565606428778e+01 1.776462375915285e+02
2.208333333333334e+09 4.700548301757935e+01 1.776446701862844e+02
2.210000000000000e+09 4.700531327827178e+01 1.776431062828886e+02
2.211666666666667e+09 4.700514691356038e+01 1.776415459724401e+02
2.213333333333334e+09 4.700498411230518e+01 1.776399893402161e+02
2.215000000000000e+09 4.700482512766855e+01 1.776384363584473e+02
2.216666666666667e+09 4.700467017461208e+01 1.776368868924093e+02
2.218333333333334e+09 4.700451938870772e+01 1.776353408177887e+02
2.220000000000000e+09 4.700437290554422e+01 1.776337981255499e+02
2.221666666666667e+09 4.700423099727260e+01 1.776322588733819e+02
2.223333333333334e+09 4.700409411645983e+01 1.776307229753886e+02
2.225000000000000e+09 4.700396274904259e+01 1.776291900020699e+02
2.226666666666667e+09 4.700383715018121e+01 1.776276592136419e+02
2.228333333333334e+09 4.700371718320572e+01 1.776261298846983e+02
2.230000000000000e+09 4.700360244864150e+01 1.776246017088737e+02
2.231666666666667e+09 4.700349266739170e+01 1.776230749381286e+02
2.233333333333334e+09 4.700338804112883e+01 1.776215500704671e+02
2.235000000000000e+09 4.700328927516399e+01 1.776200272621601e+02
2.236666666666667e+09 4.700319718525767e+01 1.776185059115792e+02
2.238333333333334e+09 4.700311215213492e+01 1.776169847847599e+02
2.240000000000000e+09 4.700303384992255e+01 1.776154626472847e+02
2.241666666666667e+09 4.700296149546137e+01 1.776139389441011e+02
2.243333333333334e+09 4.700289446220525e+01 1.776124139870019e+02
2.245000000000000e+09 4.700283279515723e+01 1.776108884666779e+02
2.246666666666667e+09 4.700277721380672e+01 1.776093626365019e+02
2.248333333333334e+09 4.700272857652610e+01 1.776078357924838e+02
2.250000000000000e+09 4.700268720174255e+01 1.776063064627711e+02
2.251666666666667e+09 4.700265256025664e+01 1.776047731777810e+02
2.253333333333334e+09 4.700262357100652e+01 1.776032352463764e+02
2.255000000000000e+09 4.700259927303362e+01 1.776016929655532e+02
2.256666666666667e+09 4.700257937145783e+01 1.776001471313720e+02
2.258333333333334e+09 4.700256427192497e+01 1.775985982421260e+02
2.260000000000000e+09 4.700255461801834e+01 1.775970459847138e+02
2.261666666666667e+09 4.700255070608020e+01 1.775954893393590e+02
2.263333333333334e+09 4.700255220115414e+01 1.775939271562792e+02
2.265000000000000e+09 4.700255830800238e+01 1.775923587369210e+02
2.266666666666667e+09 4.700256820133471e+01 1.775907840178704e+02
2.268333333333334e+09 4.700258136521281e+01 1.775892033104135e+02
2.270000000000000e+09 4.700259762431777e+01 1.775876168824960e+02
2.271666666666667e+09 4.700261692495180e+01 1.775860247280235e+02
2.273333333333334e+09 4.700263910382615e+01 1.775844266482169e+02
2.275000000000000e+09 4.700266383959065e+01 1.775828224909939e+02
2.276666666666667e+09 4.700269078626744e+01 1.775812122929682e+02
2.278333333333334e+09 4.700271972560992e+01 1.775795962019655e+02
2.280000000000000e+09 4.700275058009717e+01 1.775779742792063e+02
2.281666666666667e+09 4.700278327510394e+01 1.775763463866756e+02
2.283333333333334e+09 4.700281758364937e+01 1.775747122749123e+02
2.285000000000000e+09 4.700285310190905e+01 1.775730717959763e+02
2.286666666666667e+09 4.700288938366593e+01 1.775714250507528e+02
2.288333333333334e+09 4.700292611934238e+01 1.775697723369543e+02
2.290000000000000e+09 4.700296320478624e+01 1.775681139375462e+02
2.291666666666667e+09 4.700300063769369e+01 1.775664499269211e+02
2.293333333333334e+09 4.700303832353821e+01 1.775647801598472e+02
2.295000000000000e+09 4.700307594848372e+01 1.775631044608235e+02
2.296666666666667e+09 4.700311302573689e+01 1.775614228718833e+02
2.298333333333334e+09 4.700314908913708e+01 1.775597357702491e+02
2.300000000000000e+09 4.700318389839553e+01 1.775580437636313e+02
2.301666666666667e+09 4.700321751377933e+01 1.775563474307077e+02
2.303333333333334e+09 4.700325019173327e+01 1.775546470782569e+02
2.305000000000000e+09 4.700328217318613e+01 1.775529426667255e+02
2.306666666666667e+09 4.700331349913304e+01 1.775512339383108e+02
2.308333333333334e+09 4.700334395879571e+01 1.775495206542585e+02
2.310000000000000e+09 4.700337318474570e+01 1.775478027935589e+02
2.311666666666667e+09 4.700340082187629e+01 1.775460806070886e+02
2.313333333333334e+09 4.700342666555157e+01 1.775443545195924e+02
2.315000000000000e+09 4.700345069843318e+01 1.775426249595804e+02
2.316666666666667e+09 4.700347302514789e+01 1.775408922248132e+02
2.318333333333334e+09 4.700349376342935e+01 1.775391564516156e+02
2.320000000000000e+09 4.700351296639040e+01 1.775374176818082e+02
2.321666666666667e+09 4.700353061839030e+01 1.775356759594851e+02
2.323333333333334e+09 4.700354668971909e+01 1.775339313782387e+02
2.325000000000000e+09 4.700356119069313e+01 1.775321840442209e+02
2.326666666666667e+09 4.700357416504451e+01 1.775304339927254e+02
2.328333333333334e+09 4.700358561041243e+01 1.775286811455546e+02
2.330000000000000e+09 4.700359538121228e+01 1.775269253813418e+02
2.331666666666667e+09 4.700360316624491e+01 1.775251667094706e+02
2.333333333333334e+09 4.700360860201909e+01 1.775234054398989e+02
2.335000000000000e+09 4.700361148944483e+01 1.775216422022518e+02
2.336666666666667e+09 4.700361198463627e+01 1.775198777372757e+02
2.338333333333334e+09 4.700361061162985e+01 1.775181125370827e+02
2.340000000000000e+09 4.700360803481872e+01 1.775163465482387e+02
2.341666666666667e+09 4.700360469030481e+01 1.775145791609557e+02
2.343333333333334e+09 4.700360049970791e+01 1.775128095503839e+02
2.345000000000000e+09 4.700359487329438e+01 1.775110371971708e+02
2.346666666666667e+09 4.700358703683090e+01 1.775092622607696e+02
2.348333333333334e+09 4.700357649282695e+01 1.775074855420068e+02
2.350000000000000e+09 4.700356331387545e+01 1.775057080358270e+02
2.351666666666667e+09 4.700354806394038e+01 1.775039303659251e+02
2.353333333333334e+09 4.700353140093869e+01 1.775021524910126e+02
2.355000000000000e+09 4.700351364758997e+01 1.775003738842773e+02
2.356666666666667e+09 4.700349464358793e+01 1.774985940369446e+02
2.358333333333334e+09 4.700347397598489e+01 1.774968128893131e+02
2.360000000000000e+09 4.700345138501542e+01 1.774950308529987e+02
2.361666666666667e+09 4.700342699944199e+01 1.774932484247705e+02
2.363333333333334e+09 4.700340119752055e+01 1.774914657409057e+02
2.365000000000000e+09 4.700337421450194e+01 1.774896824859804e+02
2.366666666666667e+09 4.700334585799458e+01 1.774878982741129e+02
2.368333333333334e+09 4.700331563037379e+01 1.774861131920776e+02
2.370000000000000e+09 4.700328321777883e+01 1.774843279980716e+02
2.371666666666667e+09 4.700324895848588e+01 1.774825437060489e+02
2.373333333333334e+09 4.700321385463686e+01 1.774807607953445e+02
2.375000000000000e+09 4.700317901848049e+01 1.774789786553720e+02
2.376666666666667e+09 4.700314490802955e+01 1.774771957697502e+02
2.378333333333334e+09 4.700311092710833e+01 1.774754106019802e+02
2.380000000000000e+09 4.700307573291678e+01 1.774736225791493e+02
2.381666666666667e+09 4.700303806537467e+01 1.774718324480683e+02
2.383333333333334e+09 4.700299750037987e+01 1.774700417299520e+02
2.385000000000000e+09 4.700295457542663e+01 1.774682516879417e+02
2.386666666666667e+09 4.700291022131687e+01 1.774664625980757e+02
2.388333333333334e+09 4.700286497761287e+01 1.774646738655483e+02
2.390000000000000e+09 4.700281863270475e+01 1.774628848437144e+02
2.391666666666667e+09 4.700277057429902e+01 1.774610956429649e+02
2.393333333333334e+09 4.700272054642344e+01 1.774593072253713e+02
2.395000000000000e+09 4.700266916242238e+01 1.774575206670206e+02
2.396666666666667e+09 4.700261770368500e+01 1.774557361626098e+02
2.398333333333334e+09 4.700256730008527e+01 1.774539525879037e+02
2.400000000000000e+09 4.700251809051922e+01 1.774521680294516e+02
2.401666666666667e+09 4.700246900455090e+01 1.774503809560672e+02
2.403333333333334e+09 4.700241835850542e+01 1.774485912137274e+02
2.405000000000000e+09 4.700236486899535e+01 1.774468001452060e+02
2.406666666666667e+09 4.700230839706646e+01 1.774450097615924e+02
2.408333333333334e+09 4.700224994561129e+01 1.774432215471863e+02
2.410000000000000e+09 4.700219096324747e+01 1.774414356924910e+02
2.411666666666667e+09 4.700213246407331e+01 1.774396512034359e+02
2.413333333333334e+09 4.700207454507944e+01 1.774378667147965e+02
2.415000000000000e+09 4.700201655760309e+01 1.774360813910641e+02
2.416666666666667e+09 4.700195772558720e+01 1.774342953124369e+02
2.418333333333334e+09 4.700189772727077e+01 1.774325091616296e+02
2.420000000000000e+09 4.700183683638877e+01 1.774307235294194e+02
2.421666666666667e+09 4.700177557049065e+01 1.774289383967276e+02
2.423333333333334e+09 4.700171415993374e+01 1.774271531815928e+02
2.425000000000000e+09 4.700165227606451e+01 1.774253672944256e+02
2.426666666666667e+09 4.700158925401863e+01 1.774235807438722e+02
2.428333333333334e+09 4.700152465459517e+01 1.774217942736186e+02
2.430000000000000e+09 4.700145871474592e+01 1.774200088552903e+02
2.431666666666667e+09 4.700139227582635e+01 1.774182248841177e+02
2.433333333333334e+09 4.700132616187857e+01 1.774164417274356e+02
2.435000000000000e+09 4.700126044376672e+01 1.774146580830746e+02
2.436666666666667e+09 4.700119419802013e+01 1.774128729970141e+02
2.438333333333334e+09 4.700112605971570e+01 1.774110868070072e+02
2.440000000000000e+09 4.700105525693084e+01 1.774093012143806e+02
2.441666666666667e+09 4.700098236603795e+01 1.774075182770372e+02
2.443333333333334e+09 4.700090914319431e+01 1.774057389661040e+02
2.445000000000000e+09 4.700083744909450e+01 1.774039623622535e+02
2.446666666666667e+09 4.700076800811629e+01 1.774021861727574e+02
2.448333333333334e+09 4.700069993581383e+01 1.774004082649144e+02
2.450000000000000e+09 4.700063142300548e+01 1.773986280956797e+02
2.451666666666667e+09 4.700056107534757e+01 1.773968469549065e+02
2.453333333333334e+09 4.700048888553003e+01 1.773950668476429e+02
2.455000000000000e+09 4.700041610370381e+01 1.773932889084922e+02
2.456666666666667e+09 4.700034415281588e+01 1.773915125954275e+02
2.458333333333334e+09 4.700027348995551e+01 1.773897362536123e+02
2.460000000000000e+09 4.700020332086206e+01 1.773879585176994e+02
2.461666666666667e+09 4.700013233950131e+01 1.773861793700590e+02
2.463333333333334e+09 4.700005981924105e+01 1.773844000207378e+02
2.465000000000000e+09 4.699998613588275e+01 1.773826217949545e+02
2.466666666666667e+09 4.699991233417876e+01 1.773808450207104e+02
2.468333333333334e+09 4.699983916930071e+01 1.773790688371397e+02
2.470000000000000e+09 4.699976645515158e+01 1.773772920111219e+02
2.471666666666667e+09 4.699969322743051e+01 1.773755140132432e+02
2.473333333333334e+09 4.699961851647665e+01 1.773737354670803e+02
2.475000000000000e+09 4.699954206028864e+01 1.773719576915301e+02
2.476666666666667e+09 4.699946443049925e+01 1.773701818092410e+02
2.478333333333334e+09 4.699938658957156e+01 1.773684081456287e+02
2.480000000000000e+09 4.699930932417318e+01 1.773666362647386e+02
2.481666666666667e+09 4.699923297171532e+01 1.773648654186184e+02
2.483333333333334e+09 4.699915749887448e+01 1.773630949534962e+02
2.485000000000000e+09 4.699908269911513e+01 1.773613244381841e+02
2.486666666666667e+09 4.699900829947736e+01 1.773595536264718e+02
2.488333333333334e+09 4.699893398862658e+01 1.773577824568940e+02
2.490000000000000e+09 4.699885949747950e+01 1.773560111007055e+02
2.491666666666667e+09 4.699878474917389e+01 1.773542398941255e+02
2.493333333333334e+09 4.699870991980752e+01 1.773524690862719e+02
2.495000000000000e+09 4.699863527246341e+01 1.773506985972242e+02
2.496666666666667e+09 4.699856086596247e+01 1.773489280692918e+02
2.498333333333334e+09 4.699848643173563e+01 1.773471572365978e+02
2.500000000000000e+09 4.699841159770001e+01 1.773453862709706e+02
2.501666666666667e+09 4.699833628238293e+01 1.773436157078166e+02
2.503333333333334e+09 4.699826085237750e+01 1.773418459459936e+02
2.505000000000000e+09 4.699818582020223e+01 1.773400767897180e+02
2.506666666666667e+09 4.699811132449127e+01 1.773383075393818e+02
2.508333333333334e+09 4.699803691039448e+01 1.773365376273269e+02
2.510000000000000e+09 4.699796188353628e+01 1.773347672111500e+02
2.511666666666667e+09 4.699788593831937e+01 1.773329971059232e+02
2.513333333333334e+09 4.699780943722710e+01 1.773312280654052e+02
2.515000000000000e+09 4.699773302448641e+01 1.773294601154803e+02
2.516666666666667e+09 4.699765694244805e+01 1.773276926582743e+02
2.518333333333334e+09 4.699758078666053e+01 1.773259252994093e+02
2.520000000000000e+09 4.699750404249973e+01 1.773241585345638e+02
2.521666666666667e+09 4.699742691421334e+01 1.773223934507521e+02
2.523333333333334e+09 4.699735053019847e+01 1.773206305585698e+02
2.525000000000000e+09 4.699727611760786e+01 1.773188688774404e+02
2.526666666666667e+09 4.699720379038527e+01 1.773171063642282e+02
2.528333333333334e+09 4.699713215288330e+01 1.773153415627849e+02
2.530000000000000e+09 4.699705931123489e+01 1.773135750412525e+02
2.531666666666667e+09 4.699698454930932e+01 1.773118091281490e+02
2.533333333333334e+09 4.699690912471831e+01 1.773100459156471e+02
2.535000000000000e+09 4.699683526845473e+01 1.773082852178766e+02
2.536666666666667e+09 4.699676410313214e+01 1.773065244657300e+02
2.538333333333334e+09 4.699669434556217e+01 1.773047609063289e+02
2.540000000000000e+09 4.699662314158081e+01 1.773029943017514e+02
2.541666666666667e+09 4.699654850790210e+01 1.773012276337177e+02
2.543333333333334e+09 4.699647128748157e+01 1.772994649329989e+02
2.545000000000000e+09 4.699639478253780e+01 1.772977079422487e+02
2.546666666666667e+09 4.699632221822733e+01 1.772959545242447e+02
2.548333333333334e+09 4.699625416873289e+01 1.772942003208886e+02
2.550000000000000e+09 4.699618820555387e+01 1.772924423081209e+02
2.551666666666667e+09 4.699612110044821e+01 1.772906811556625e+02
2.553333333333334e+09 4.699605163516559e+01 1.772889203277961e+02
2.555000000000000e+09 4.699598152382390e+01 1.772871627778785e+02
2.556666666666667e+09 4.699591367084066e+01 1.772854082469404e+02
2.558333333333334e+09 4.699584940793343e+01 1.772836535873944e+02
2.560000000000000e+09 4.699578725137335e+01 1.772818957370245e+02
2.561666666666667e+09 4.699572427648067e+01 1.772801345555739e+02
2.563333333333334e+09 4.699565878050227e+01 1.772783729317505e+02
2.565000000000000e+09 4.699559176066670e+01 1.772766141495507e+02
2.566666666666667e+09 4.699552590815901e+01 1.772748590222541e+02
2.568333333333334e+09 4.699546315857311e+01 1.772731054135277e+02
2.570000000000000e+09 4.699540312179515e+01 1.772713504347488e+02
2.571666666666667e+09 4.699534376927048e+01 1.772695931077101e+02
2.573333333333334e+09 4.699528355936837e+01 1.772678349817098e+02
2.575000000000000e+09 4.699522287280857e+01 1.772660782935989e+02
2.576666666666667e+09 4.699516343121250e+01 1.772643236470843e+02
2.578333333333334e+09 4.699510642421440e+01 1.772625695367382e+02
2.580000000000000e+09 4.699505131781581e+01 1.772608140826695e+02
2.581666666666667e+09 4.699499654602408e+01 1.772590570854931e+02
2.583333333333334e+09 4.699494131636084e+01 1.772573002270368e+02
2.585000000000000e+09 4.699488659928602e+01 1.772555451940152e+02
2.586666666666667e+09 4.699483420685298e+01 1.772537916929177e+02
2.588333333333334e+09 4.699478485889183e+01 1.772520375045628e+02
2.590000000000000e+09 4.699473725469061e+01 1.772502806669082e+02
2.591666666666667e+09 4.699468923126970e+01 1.772485216306710e+02
2.593333333333334e+09 4.699463997994008e+01 1.772467631077746e+02
2.595000000000000e+09 4.699459112028921e+01 1.772450075501961e+02
2.596666666666667e+09 4.699454543318645e+01 1.772432546104309e+02
2.598333333333334e+09 4.699450432331408e+01 1.772415011172131e+02
2.600000000000000e+09 4.699446640452238e+01 1.772397437680204e+02
2.601666666666667e+09 4.699442862842037e+01 1.772379821029143e+02
2.603333333333334e+09 4.699438898560537e+01 1.772362189626791e+02
2.605000000000000e+09 4.699434829285036e+01 1.772344579604343e+02
2.606666666666667e+09 4.699430942207314e+01 1.772327003051843e+02
2.608333333333334e+09 4.699427473711528e+01 1.772309439048739e+02
2.610000000000000e+09 4.699424416594760e+01 1.772291854783356e+02
2.611666666666667e+09 4.699421565764493e+01 1.772274235531973e+02
2.613333333333334e+09 4.699418744118291e+01 1.772256594761002e+02
2.615000000000000e+09 4.699415980321197e+01 1.772238955990022e+02
2.616666666666667e+09 4.699413467511591e+01 1.772221325881922e+02
2.618333333333334e+09 4.699411355347360e+01 1.772203685848819e+02
2.620000000000000e+09 4.699409592780266e+01 1.772186009938670e+02
2.621666666666667e+09 4.699407981476255e+01 1.772168289852691e+02
2.623333333333334e+09 4.699406379960589e+01 1.772150540899119e+02
2.625000000000000e+09 4.699404840751085e+01 1.772132782712170e+02
2.626666666666667e+09 4.699403530366165e+01 1.772115015339988e+02
2.628333333333334e+09 4.699402510673067e+01 1.772097217181777e+02
2.630000000000000e+09 4.699401617262826e+01 1.772079369243215e+02
2.631666666666667e+09 4.699400587838009e+01 1.772061481774837e+02
2.633333333333334e+09 4.699399340745720e+01 1.772043593787615e+02
2.635000000000000e+09 4.699398129528470e+01 1.772025740811505e+02
2.636666666666667e+09 4.699397389425949e+01 1.772007918695627e+02
2.638333333333334e+09 4.699397378758594e+01 1.771990079086366e+02
2.640000000000000e+09 4.699397933593360e+01 1.771972165458656e+02
2.641666666666667e+09 4.699398580791133e+01 1.771954160498676e+02
2.643333333333334e+09 4.699398940366244e+01 1.771936102037739e+02
2.645000000000000e+09 4.699399073648357e+01 1.771918050233040e+02
2.646666666666667e+09 4.699399457228427e+01 1.771900031941596e+02
2.648333333333334e+09 4.699400578172408e+01 1.771882010518977e+02
2.650000000000000e+09 4.699402481343412e+01 1.771863909616664e+02
2.651666666666667e+09 4.699404658349521e+01 1.771845674061002e+02
2.653333333333334e+09 4.699406393260654e+01 1.771827318654077e+02
2.655000000000000e+09 4.699407304955418e+01 1.771808924326519e+02
2.656666666666667e+09 4.699407664220234e+01 1.771790582942169e+02
2.658333333333334e+09 4.699408242111516e+01 1.771772332130776e+02
2.660000000000000e+09 4.699409807068514e+01 1.771754127907380e+02
2.661666666666667e+09 4.699412638942697e+01 1.771735872752832e+02
2.663333333333334e+09 4.699416388033945e+01 1.771717476272937e+02
2.665000000000000e+09 4.699420338162095e+01 1.771698905592385e+02
2.666666666666667e+09 4.699423858301146e+01 1.771680194767244e+02
2.668333333333334e+09 4.699426738165449e+01 1.771661413162373e+02
2.670000000000000e+09 4.699429224158941e+01 1.771642618070918e+02
2.671666666666667e+09 4.699431782029204e+01 1.771623821881396e+02
2.673333333333334e+09 4.699434764930910e+01 1.771604990524739e+02
2.675000000000000e+09 4.699438189721771e+01 1.771586069880023e+02
2.676666666666667e+09 4.699441738965689e+01 1.771567022022701e+02
2.678333333333334e+09 4.699444972996104e+01 1.771547849371233e+02
2.680000000000000e+09 4.699447618704914e+01 1.771528592239104e+02
2.681666666666667e+09 4.699449752567288e+01 1.771509300717242e+02
2.683333333333334e+09 4.699451749253777e+01 1.771489998165003e+02
2.685000000000000e+09 4.699454012053813e+01 1.771470661021808e+02
2.686666666666667e+09 4.699456657690023e+01 1.771451230976318e+02
2.688333333333334e+09 4.699459381660911e+01 1.771431653702132e+02
2.690000000000000e+09 4.699461619403721e+01 1.771411917873667e+02
2.691666666666667e+09 4.699462905233965e+01 1.771392065589512e+02
2.693333333333334e+09 4.699463174187336e+01 1.771372165047876e+02
2.695000000000000e+09 4.699462784076410e+01 1.771352264508645e+02
2.696666666666667e+09 4.699462242305105e+01 1.771332360954491e+02
2.698333333333334e+09 4.699461842591910e+01 1.771312405374474e+02
2.700000000000000e+09 4.699461473274542e+01 1.771292338463186e+02
2.701666666666667e+09 4.699460711101339e+01 1.771272128829115e+02
2.703333333333334e+09 4.699459093573449e+01 1.771251787502611e+02
2.705000000000000e+09 4.699456353123555e+01 1.771231354020721e+02
2.706666666666667e+09 4.699452472010012e+01 1.771210870733348e+02
2.708333333333334e+09 4.699447585734657e+01 1.771190365721789e+02
2.710000000000000e+09 4.699441864660717e+01 1.771169851095665e+02
2.711666666666667e+09 4.699435463170769e+01 1.771149328244955e+02
2.713333333333334e+09 4.699428513852758e+01 1.771128789573610e+02
2.715000000000000e+09 4.699421091977824e+01 1.771108216716396e+02
2.716666666666667e+09 4.699413135401990e+01 1.771087584383336e+02
2.718333333333334e+09 4.699404400075256e+01 1.771066875194226e+02
2.720000000000000e+09 4.699394541889826e+01 1.771046097464488e+02
2.721666666666667e+09 4.699383311060278e+01 1.771025289780052e+02
2.723333333333334e+09 4.699370723231802e+01 1.771004504025566e+02
2.725000000000000e+09 4.699357061600192e+01 1.770983776808897e+02
2.726666666666667e+09 4.699342693106716e+01 1.770963110806995e+02
2.728333333333334e+09 4.699327837932628e+01 1.770942480491805e+02
2.730000000000000e+09 4.699312469921838e+01 1.770921856543940e+02
2.731666666666667e+09 4.699296408804983e+01 1.770901228288128e+02
2.733333333333334e+09 4.699279501668864e+01 1.770880607178631e+02
2.735000000000000e+09 4.699261730964263e+01 1.770860012512230e+02
2.736666666666667e+09 4.699243176913592e+01 1.770839455611459e+02
2.738333333333334e+09 4.699223906530515e+01 1.770818937056332e+02
2.740000000000000e+09 4.699203918004417e+01 1.770798456346504e+02
2.741666666666667e+09 4.699183191483385e+01 1.770778020719649e+02
2.743333333333334e+09 4.699161774648610e+01 1.770757642195974e+02
2.745000000000000e+09 4.699139793224165e+01 1.770737325869577e+02
2.746666666666667e+09 4.699117359646417e+01 1.770717062888793e+02
2.748333333333334e+09 4.699094467564343e+01 1.770696837431203e+02
2.750000000000000e+09 4.699070984431285e+01 1.770676642596392e+02
2.751666666666667e+09 4.699046762165484e+01 1.770656490447395e+02
2.753333333333334e+09 4.699021770487462e+01 1.770636406469231e+02
2.755000000000000e+09 4.698996135815789e+01 1.770616413375090e+02
2.756666666666667e+09 4.698970060438089e+01 1.770596518688457e+02
2.758333333333334e+09 4.698943706842056e+01 1.770576715685626e+02
2.760000000000000e+09 4.698917150643310e+01 1.770556993755437e+02
2.761666666666667e+09 4.698890421087054e+01 1.770537346216841e+02
2.763333333333334e+09 4.698863556079275e+01 1.770517768855193e+02
2.765000000000000e+09 4.698836597420225e+01 1.770498254251071e+02
2.766666666666667e+09 4.698809537216238e+01 1.770478791862688e+02
2.768333333333334e+09 4.698782297525192e+01 1.770459376244975e+02
2.770000000000000e+09 4.698754796073186e+01 1.770440014424320e+02
2.771666666666667e+09 4.698727048015638e+01 1.770420721864548e+02
2.773333333333334e+09 4.698699192867394e+01 1.770401507894222e+02
2.775000000000000e+09 4.698671396491269e+01 1.770382364256839e+02
2.776666666666667e+09 4.698643709335797e+01 1.770363269831502e+02
2.778333333333334e+09 4.698616025160478e+01 1.770344209063812e+02
2.780000000000000e+09 4.698588197744257e+01 1.770325186311793e+02
2.781666666666667e+09 4.698560209815442e+01 1.770306220140244e+02
2.783333333333334e+09 4.698532216019721e+01 1.770287321114968e+02
2.785000000000000e+09 4.698504391922791e+01 1.770268475266590e+02
2.786666666666667e+09 4.698476721990218e+01 1.770249652954585e+02
2.788333333333334e+09 4.698448950451953e+01 1.770230838868464e+02
2.790000000000000e+09 4.698420787977052e+01 1.770212055447949e+02
2.791666666666667e+09 4.698392217958371e+01 1.770193353509542e+02
2.793333333333334e+09 4.698363616747410e+01 1.770174772271484e+02
2.795000000000000e+09 4.698335537661418e+01 1.770156301306301e+02
2.796666666666667e+09 4.698308306887354e+01 1.770137879614234e+02
2.798333333333334e+09 4.698281769111053e+01 1.770119436597913e+02
2.800000000000000e+09 4.698255412295262e+01 1.770100942291209e+02
2.801666666666667e+09 4.698228775775715e+01 1.770082424341498e+02
2.803333333333334e+09 4.698201794141595e+01 1.770063937498445e+02
2.805000000000000e+09 4.698174785214206e+01 1.770045513055695e+02
2.806666666666667e+09 4.698148108751342e+01 1.770027132917367e+02
2.808333333333334e+09 4.698121814035241e+01 1.770008749811075e+02
2.810000000000000e+09 4.698095592563348e+01 1.769990332997590e+02
2.811666666666667e+09 4.698069062151733e+01 1.769971896602925e+02
2.813333333333334e+09 4.698042103900607e+01 1.769953485564926e+02
2.815000000000000e+09 4.698014937349853e+01 1.769935134647531e+02
2.816666666666667e+09 4.697987879395593e+01 1.769916840605947e+02
2.818333333333334e+09 4.697961036975737e+01 1.769898573454023e+02
2.820000000000000e+09 4.697934241482791e+01 1.769880314004285e+02
2.821666666666667e+09 4.697907291227742e+01 1.769862078851608e+02
2.823333333333334e+09 4.697880260197639e+01 1.769843905763792e+02
2.825000000000000e+09 4.697853552959239e+01 1.769825810925450e+02
2.826666666666667e+09 4.697827614978488e+01 1.769807758154547e+02
2.828333333333334e+09 4.697802532415295e+01 1.769789671742065e+02
2.830000000000000e+09 4.697777873919740e+01 1.769771486337343e+02
2.831666666666667e+09 4.697752929396459e+01 1.769753194111591e+02
2.833333333333334e+09 4.697727166295527e+01 1.769734850971760e+02
2.835000000000000e+09 4.697700549101253e+01 1.769716537636894e+02
2.836666666666667e+09 4.697673494619129e+01 1.769698307199731e+02
2.838333333333334e+09 4.697646535514267e+01 1.769680158151934e+02
2.840000000000000e+09 4.697619971911022e+01 1.769662047592869e+02
2.841666666666667e+09 4.697593749196855e+01 1.769643927473581e+02
2.843333333333334e+09 4.697567585143411e+01 1.769625774249672e+02
2.845000000000000e+09 4.697541189776302e+01 1.769607595243198e+02
2.846666666666667e+09 4.697514413273633e+01 1.769589416566973e+02
2.848333333333334e+09 4.697487276121537e+01 1.769571267368434e+02
2.850000000000000e+09 4.697459935139377e+01 1.769553169017312e+02
2.851666666666667e+09 4.697432633550101e+01 1.769535127942755e+02
2.853333333333334e+09 4.697405623735484e+01 1.769517129866991e+02
2.855000000000000e+09 4.697379043620433e+01 1.769499140085816e+02
2.856666666666667e+09 4.697352798176187e+01 1.769481116958207e+02
2.858333333333334e+09 4.697326557376004e+01 1.769463036257190e+02
2.860000000000000e+09 4.697299929971183e+01 1.769444910198207e+02
2.861666666666667e+09 4.697272723201308e+01 1.769426782912832e+02
2.863333333333334e+09 4.697245089326935e+01 1.769408700553194e+02
2.865000000000000e+09 4.697217417837245e+01 1.769390676736414e+02
2.866666666666667e+09 4.697190033860795e+01 1.769372681360331e+02
2.868333333333334e+09 4.697162936791988e+01 1.769354663584137e+02
2.870000000000000e+09 4.697135793655622e+01 1.769336591381743e+02
2.871666666666667e+09 4.697108193279790e+01 1.769318475621749e+02
2.873333333333334e+09 4.697079949337749e+01 1.769300359617361e+02
2.875000000000000e+09 4.697051205712582e+01 1.769282284344367e+02
2.876666666666667e+09 4.697022274483517e+01 1.769264259157050e+02
2.878333333333334e+09 4.696993363419561e+01 1.769246261046756e+02
2.880000000000000e+09 4.696964426467300e+01 1.769228259641446e+02
2.881666666666667e+09 4.696935241879636e+01 1.769210244076634e+02
2.883333333333334e+09 4.696905618853734e+01 1.769192229441030e+02
2.885000000000000e+09 4.696875540098480e+01 1.769174240940708e+02
2.886666666666667e+09 4.696845132930751e+01 1.769156293116189e+02
2.888333333333334e+09 4.696814526795642e+01 1.769138382730057e+02
2.890000000000000e+09 4.696783743338990e+01 1.769120498793878e+02
2.891666666666667e+09 4.696752710548248e+01 1.769102637581759e+02
2.893333333333334e+09 4.696721367534597e+01 1.769084808257425e+02
2.895000000000000e+09 4.696689754122227e+01 1.769067025373897e+02
2.896666666666667e+09 4.696658011315116e+01 1.769049296071196e+02
2.898333333333334e+09 4.696626302249391e+01 1.769031612257771e+02
2.900000000000000e+09 4.696594714367919e+01 1.769013952150105e+02
2.901666666666667e+09 4.696563195087855e+01 1.768996289154299e+02
2.903333333333334e+09 4.696531543773174e+01 1.768978604151242e+02
2.905000000000000e+09 4.696499470799505e+01 1.768960897410914e+02
2.906666666666667e+09 4.696466726321255e+01 1.768943194571503e+02
2.908333333333334e+09 4.696433259758206e+01 1.768925539265409e+02
2.910000000000000e+09 4.696399306992267e+01 1.768907969761877e+02
2.911666666666667e+09 4.696365292352396e+01 1.768890490159392e+02
2.913333333333334e+09 4.696331539780881e+01 1.768873058287511e+02
2.915000000000000e+09 4.696297963561716e+01 1.768855607870563e+02
2.916666666666667e+09 4.696263998045004e+01 1.768838098354829e+02
2.918333333333334e+09 4.696228901319213e+01 1.768820558793106e+02
2.920000000000000e+09 4.696192280278194e+01 1.768803087761811e+02
2.921666666666667e+09 4.696154460602403e+01 1.768785799775395e+02
2.923333333333334e+09 4.696116383738230e+01 1.768768751295428e+02
2.925000000000000e+09 4.696079051910831e+01 1.768751900691244e+02
2.926666666666667e+09 4.696042904254451e+01 1.768735134888501e+02
2.928333333333334e+09 4.696007584109392e+01 1.768718345113879e+02
2.930000000000000e+09 4.695972264705899e+01 1.768701495685266e+02
2.931666666666667e+09 4.695936268539439e+01 1.768684635822660e+02
2.933333333333334e+09 4.695899501722430e+01 1.768667850412626e+02
2.935000000000000e+09 4.695862401718152e+01 1.768651192941611e+02
2.936666666666667e+09 4.695825503213788e+01 1.768634653374452e+02
2.938333333333334e+09 4.695789012484382e+01 1.768618180068177e+02
2.940000000000000e+09 4.695752718629077e+01 1.768601729422287e+02
2.941666666666667e+09 4.695716247764378e+01 1.768585298982539e+02
2.943333333333334e+09 4.695679386509916e+01 1.768568921049425e+02
2.945000000000000e+09 4.695642197285363e+01 1.768552630998983e+02
2.946666666666667e+09 4.695604882924464e+01 1.768536442905002e+02
2.948333333333334e+09 4.695567586252821e+01 1.768520351311341e+02
2.950000000000000e+09 4.695530325674182e+01 1.768504349854126e+02
2.951666666666667e+09 4.695493091273658e+01 1.768488443515485e+02
2.953333333333334e+09 4.695455958359558e+01 1.768472642692149e+02
2.955000000000000e+09 4.695419081969688e+01 1.768456948808607e+02
2.956666666666667e+09 4.695382586317591e+01 1.768441349394549e+02
2.958333333333334e+09 4.695346481865151e+01 1.768425828228078e+02
2.960000000000000e+09 4.695310703514622e+01 1.768410378528186e+02
2.961666666666667e+09 4.695275219847581e+01 1.768395004160342e+02
2.963333333333334e+09 4.695240081690896e+01 1.768379708263455e+02
2.965000000000000e+09 4.695205351697656e+01 1.768364483811330e+02
2.966666666666667e+09 4.695171001984981e+01 1.768349318780773e+02
2.968333333333334e+09 4.695136915879390e+01 1.768334211208241e+02
2.970000000000000e+09 4.695103016794105e+01 1.768319175979577e+02
2.971666666666667e+09 4.695069389804232e+01 1.768304232150553e+02
2.973333333333334e+09 4.695036240530367e+01 1.768289381359904e+02
2.975000000000000e+09 4.695003696423790e+01 1.768274601171824e+02
2.976666666666667e+09 4.694971641616939e+01 1.768259865323300e+02
2.978333333333334e+09 4.694939782555242e+01 1.768245175131148e+02
2.980000000000000e+09 4.694907932365155e+01 1.768230570733944e+02
2.981666666666667e+09 4.694876270043639e+01 1.768216105957004e+02
2.983333333333334e+09 4.694845316297224e+01 1.768201804679643e+02
2.985000000000000e+09 4.694815611377778e+01 1.768187636880376e+02
2.986666666666667e+09 4.694787361305653e+01 1.768173537236055e+02
2.988333333333334e+09 4.694760361092096e+01 1.768159450704595e+02
2.990000000000000e+09 4.694734251603248e+01 1.768145364453524e+02
2.991666666666667e+09 4.694708856082460e+01 1.768131298967790e+02
2.993333333333334e+09 4.694684277674937e+01 1.768117270941013e+02
2.995000000000000e+09 4.694660689629521e+01 1.768103267519204e+02
2.996666666666667e+09 4.694638067555365e+01 1.768089258107849e+02
2.998333333333334e+09 4.694616171817366e+01 1.768075229034909e+02
3.000000000000000e+09 4.694594814951488e+01 1.768061199921409e+02
