% Version 1.00
%
%freq[Hz],db:Trc1_S11,ang:Trc1_S11,db:Trc2_S11,ang:Trc2_S11,db:Trc3_S11,ang:Trc3_S11,db:Trc4_S11,ang:Trc4_S11,
1.950000000000000E+009,-4.624266412102347E+000,-8.629521780904175E+001,-4.624266412102347E+000,-8.629521780904175E+001,-4.624266412102347E+000,-8.629521780904175E+001,-4.624266412102347E+000,-8.629521780904175E+001,
1.955000000000000E+009,-4.706047599448640E+000,-8.648444667947145E+001,-4.706047599448640E+000,-8.648444667947145E+001,-4.706047599448640E+000,-8.648444667947145E+001,-4.706047599448640E+000,-8.648444667947145E+001,
1.960000000000000E+009,-4.824005325622622E+000,-8.662872147750318E+001,-4.824005325622622E+000,-8.662872147750318E+001,-4.824005325622622E+000,-8.662872147750318E+001,-4.824005325622622E+000,-8.662872147750318E+001,
1.965000000000000E+009,-4.986824080879790E+000,-8.675830750645764E+001,-4.986824080879790E+000,-8.675830750645764E+001,-4.986824080879790E+000,-8.675830750645764E+001,-4.986824080879790E+000,-8.675830750645764E+001,
1.970000000000000E+009,-5.186733751277614E+000,-8.684009032689590E+001,-5.186733751277614E+000,-8.684009032689590E+001,-5.186733751277614E+000,-8.684009032689590E+001,-5.186733751277614E+000,-8.684009032689590E+001,
1.975000000000000E+009,-5.416018809719478E+000,-8.692789962467005E+001,-5.416018809719478E+000,-8.692789962467005E+001,-5.416018809719478E+000,-8.692789962467005E+001,-5.416018809719478E+000,-8.692789962467005E+001,
1.980000000000000E+009,-5.690861991608940E+000,-8.716510079893213E+001,-5.690861991608940E+000,-8.716510079893213E+001,-5.690861991608940E+000,-8.716510079893213E+001,-5.690861991608940E+000,-8.716510079893213E+001,
1.985000000000000E+009,-6.006566148789943E+000,-8.747628778833796E+001,-6.006566148789943E+000,-8.747628778833796E+001,-6.006566148789943E+000,-8.747628778833796E+001,-6.006566148789943E+000,-8.747628778833796E+001,
1.990000000000000E+009,-6.350203657980680E+000,-8.785969535684768E+001,-6.350203657980680E+000,-8.785969535684768E+001,-6.350203657980680E+000,-8.785969535684768E+001,-6.350203657980680E+000,-8.785969535684768E+001,
1.995000000000000E+009,-6.726485641038882E+000,-8.845717520315395E+001,-6.726485641038882E+000,-8.845717520315395E+001,-6.726485641038882E+000,-8.845717520315395E+001,-6.726485641038882E+000,-8.845717520315395E+001,
2.000000000000000E+009,-7.124401639861777E+000,-8.919096484794005E+001,-7.124401639861777E+000,-8.919096484794005E+001,-7.124401639861777E+000,-8.919096484794005E+001,-7.124401639861777E+000,-8.919096484794005E+001,
2.005000000000000E+009,-7.551413511466699E+000,-9.013940714129068E+001,-7.551413511466699E+000,-9.013940714129068E+001,-7.551413511466699E+000,-9.013940714129068E+001,-7.551413511466699E+000,-9.013940714129068E+001,
2.010000000000000E+009,-7.967290404849862E+000,-9.130667133353263E+001,-7.967290404849862E+000,-9.130667133353263E+001,-7.967290404849862E+000,-9.130667133353263E+001,-7.967290404849862E+000,-9.130667133353263E+001,
2.015000000000000E+009,-8.356338028363979E+000,-9.276858273548766E+001,-8.356338028363979E+000,-9.276858273548766E+001,-8.356338028363979E+000,-9.276858273548766E+001,-8.356338028363979E+000,-9.276858273548766E+001,
2.020000000000000E+009,-8.703326418122023E+000,-9.465043630551975E+001,-8.703326418122023E+000,-9.465043630551975E+001,-8.703326418122023E+000,-9.465043630551975E+001,-8.703326418122023E+000,-9.465043630551975E+001,
2.025000000000000E+009,-8.991455817827783E+000,-9.708529698898134E+001,-8.991455817827783E+000,-9.708529698898134E+001,-8.991455817827783E+000,-9.708529698898134E+001,-8.991455817827783E+000,-9.708529698898134E+001,
2.030000000000000E+009,-9.227212960677498E+000,-1.000721382260886E+002,-9.227212960677498E+000,-1.000721382260886E+002,-9.227212960677498E+000,-1.000721382260886E+002,-9.227212960677498E+000,-1.000721382260886E+002,
2.035000000000000E+009,-9.397910495317042E+000,-1.034575639349901E+002,-9.397910495317042E+000,-1.034575639349901E+002,-9.397910495317042E+000,-1.034575639349901E+002,-9.397910495317042E+000,-1.034575639349901E+002,
2.040000000000000E+009,-9.503579074740314E+000,-1.071671424951246E+002,-9.503579074740314E+000,-1.071671424951246E+002,-9.503579074740314E+000,-1.071671424951246E+002,-9.503579074740314E+000,-1.071671424951246E+002,
2.045000000000000E+009,-9.525608721550853E+000,-1.109049643735497E+002,-9.525608721550853E+000,-1.109049643735497E+002,-9.525608721550853E+000,-1.109049643735497E+002,-9.525608721550853E+000,-1.109049643735497E+002,
2.050000000000000E+009,-9.456815824587675E+000,-1.146143934191786E+002,-9.456815824587675E+000,-1.146143934191786E+002,-9.456815824587675E+000,-1.146143934191786E+002,-9.456815824587675E+000,-1.146143934191786E+002,
2.055000000000000E+009,-9.326101235627549E+000,-1.181582659993881E+002,-9.326101235627549E+000,-1.181582659993881E+002,-9.326101235627549E+000,-1.181582659993881E+002,-9.326101235627549E+000,-1.181582659993881E+002,
2.060000000000000E+009,-9.128885375607378E+000,-1.212796175080521E+002,-9.128885375607378E+000,-1.212796175080521E+002,-9.128885375607378E+000,-1.212796175080521E+002,-9.128885375607378E+000,-1.212796175080521E+002,
2.065000000000000E+009,-8.882446418893261E+000,-1.240703251188541E+002,-8.882446418893261E+000,-1.240703251188541E+002,-8.882446418893261E+000,-1.240703251188541E+002,-8.882446418893261E+000,-1.240703251188541E+002,
2.070000000000000E+009,-8.605995482430405E+000,-1.263976460401494E+002,-8.605995482430405E+000,-1.263976460401494E+002,-8.605995482430405E+000,-1.263976460401494E+002,-8.605995482430405E+000,-1.263976460401494E+002,
2.075000000000000E+009,-8.320377106640724E+000,-1.282999270890385E+002,-8.320377106640724E+000,-1.282999270890385E+002,-8.320377106640724E+000,-1.282999270890385E+002,-8.320377106640724E+000,-1.282999270890385E+002,
2.080000000000000E+009,-8.031327675891083E+000,-1.298478375639113E+002,-8.031327675891083E+000,-1.298478375639113E+002,-8.031327675891083E+000,-1.298478375639113E+002,-8.031327675891083E+000,-1.298478375639113E+002,
2.085000000000000E+009,-7.767312680045234E+000,-1.310343094542834E+002,-7.767312680045234E+000,-1.310343094542834E+002,-7.767312680045234E+000,-1.310343094542834E+002,-7.767312680045234E+000,-1.310343094542834E+002,
2.090000000000000E+009,-7.532267414962964E+000,-1.318287779762881E+002,-7.532267414962964E+000,-1.318287779762881E+002,-7.532267414962964E+000,-1.318287779762881E+002,-7.532267414962964E+000,-1.318287779762881E+002,
2.095000000000000E+009,-7.324666517388586E+000,-1.322665572312870E+002,-7.324666517388586E+000,-1.322665572312870E+002,-7.324666517388586E+000,-1.322665572312870E+002,-7.324666517388586E+000,-1.322665572312870E+002,
2.100000000000000E+009,-7.139294869897045E+000,-1.324635831822067E+002,-7.139294869897045E+000,-1.324635831822067E+002,-7.139294869897045E+000,-1.324635831822067E+002,-7.139294869897045E+000,-1.324635831822067E+002,
2.105000000000000E+009,-7.003100586583537E+000,-1.325220747423713E+002,-7.003100586583537E+000,-1.325220747423713E+002,-7.003100586583537E+000,-1.325220747423713E+002,-7.003100586583537E+000,-1.325220747423713E+002,
2.110000000000000E+009,-6.907535199043207E+000,-1.323676022881366E+002,-6.907535199043207E+000,-1.323676022881366E+002,-6.907535199043207E+000,-1.323676022881366E+002,-6.907535199043207E+000,-1.323676022881366E+002,
2.115000000000000E+009,-6.865337041754862E+000,-1.321239429552074E+002,-6.865337041754862E+000,-1.321239429552074E+002,-6.865337041754862E+000,-1.321239429552074E+002,-6.865337041754862E+000,-1.321239429552074E+002,
2.120000000000000E+009,-6.877351153357529E+000,-1.316693321875656E+002,-6.877351153357529E+000,-1.316693321875656E+002,-6.877351153357529E+000,-1.316693321875656E+002,-6.877351153357529E+000,-1.316693321875656E+002,
2.125000000000000E+009,-6.941447716982355E+000,-1.310547550275881E+002,-6.941447716982355E+000,-1.310547550275881E+002,-6.941447716982355E+000,-1.310547550275881E+002,-6.941447716982355E+000,-1.310547550275881E+002,
2.130000000000000E+009,-7.041018624578425E+000,-1.302755883879508E+002,-7.041018624578425E+000,-1.302755883879508E+002,-7.041018624578425E+000,-1.302755883879508E+002,-7.041018624578425E+000,-1.302755883879508E+002,
2.135000000000000E+009,-7.176107924803246E+000,-1.294169101116236E+002,-7.176107924803246E+000,-1.294169101116236E+002,-7.176107924803246E+000,-1.294169101116236E+002,-7.176107924803246E+000,-1.294169101116236E+002,
2.140000000000000E+009,-7.339178868923213E+000,-1.285507031077079E+002,-7.339178868923213E+000,-1.285507031077079E+002,-7.339178868923213E+000,-1.285507031077079E+002,-7.339178868923213E+000,-1.285507031077079E+002,
2.145000000000000E+009,-7.533833530187703E+000,-1.277430898401556E+002,-7.533833530187703E+000,-1.277430898401556E+002,-7.533833530187703E+000,-1.277430898401556E+002,-7.533833530187703E+000,-1.277430898401556E+002,
2.150000000000000E+009,-7.766204562833982E+000,-1.269440167871618E+002,-7.766204562833982E+000,-1.269440167871618E+002,-7.766204562833982E+000,-1.269440167871618E+002,-7.766204562833982E+000,-1.269440167871618E+002,
2.155000000000000E+009,-8.005769034450037E+000,-1.262933398749039E+002,-8.005769034450037E+000,-1.262933398749039E+002,-8.005769034450037E+000,-1.262933398749039E+002,-8.005769034450037E+000,-1.262933398749039E+002,
2.160000000000000E+009,-8.260024529315052E+000,-1.258879841869780E+002,-8.260024529315052E+000,-1.258879841869780E+002,-8.260024529315052E+000,-1.258879841869780E+002,-8.260024529315052E+000,-1.258879841869780E+002,
2.165000000000000E+009,-8.523050158688783E+000,-1.258715368659328E+002,-8.523050158688783E+000,-1.258715368659328E+002,-8.523050158688783E+000,-1.258715368659328E+002,-8.523050158688783E+000,-1.258715368659328E+002,
2.170000000000000E+009,-8.806180892508017E+000,-1.264018353798962E+002,-8.806180892508017E+000,-1.264018353798962E+002,-8.806180892508017E+000,-1.264018353798962E+002,-8.806180892508017E+000,-1.264018353798962E+002,
2.175000000000000E+009,-9.114491809418714E+000,-1.274268131237127E+002,-9.114491809418714E+000,-1.274268131237127E+002,-9.114491809418714E+000,-1.274268131237127E+002,-9.114491809418714E+000,-1.274268131237127E+002,
2.180000000000000E+009,-9.431123143624065E+000,-1.289453557154921E+002,-9.431123143624065E+000,-1.289453557154921E+002,-9.431123143624065E+000,-1.289453557154921E+002,-9.431123143624065E+000,-1.289453557154921E+002,
2.185000000000000E+009,-9.731415328552840E+000,-1.309777586971000E+002,-9.731415328552840E+000,-1.309777586971000E+002,-9.731415328552840E+000,-1.309777586971000E+002,-9.731415328552840E+000,-1.309777586971000E+002,
2.190000000000000E+009,-9.999927309290250E+000,-1.337232085786819E+002,-9.999927309290250E+000,-1.337232085786819E+002,-9.999927309290250E+000,-1.337232085786819E+002,-9.999927309290250E+000,-1.337232085786819E+002,
2.195000000000000E+009,-1.023724318983831E+001,-1.370371858361320E+002,-1.023724318983831E+001,-1.370371858361320E+002,-1.023724318983831E+001,-1.370371858361320E+002,-1.023724318983831E+001,-1.370371858361320E+002,
2.200000000000000E+009,-1.041280055119818E+001,-1.408030187838525E+002,-1.041280055119818E+001,-1.408030187838525E+002,-1.041280055119818E+001,-1.408030187838525E+002,-1.041280055119818E+001,-1.408030187838525E+002,
2.205000000000000E+009,-1.048010915156192E+001,-1.448786239855193E+002,-1.048010915156192E+001,-1.448786239855193E+002,-1.048010915156192E+001,-1.448786239855193E+002,-1.048010915156192E+001,-1.448786239855193E+002,
2.210000000000000E+009,-1.043762560200598E+001,-1.493206298946803E+002,-1.043762560200598E+001,-1.493206298946803E+002,-1.043762560200598E+001,-1.493206298946803E+002,-1.043762560200598E+001,-1.493206298946803E+002,
2.215000000000000E+009,-1.031409759155876E+001,-1.538358115079157E+002,-1.031409759155876E+001,-1.538358115079157E+002,-1.031409759155876E+001,-1.538358115079157E+002,-1.031409759155876E+001,-1.538358115079157E+002,
2.220000000000000E+009,-1.011904463887947E+001,-1.581109547713893E+002,-1.011904463887947E+001,-1.581109547713893E+002,-1.011904463887947E+001,-1.581109547713893E+002,-1.011904463887947E+001,-1.581109547713893E+002,
2.225000000000000E+009,-9.853391497114970E+000,-1.619939533328437E+002,-9.853391497114970E+000,-1.619939533328437E+002,-9.853391497114970E+000,-1.619939533328437E+002,-9.853391497114970E+000,-1.619939533328437E+002,
2.230000000000000E+009,-9.540416069120216E+000,-1.653875783974680E+002,-9.540416069120216E+000,-1.653875783974680E+002,-9.540416069120216E+000,-1.653875783974680E+002,-9.540416069120216E+000,-1.653875783974680E+002,
2.235000000000000E+009,-9.208358871473680E+000,-1.682602975972200E+002,-9.208358871473680E+000,-1.682602975972200E+002,-9.208358871473680E+000,-1.682602975972200E+002,-9.208358871473680E+000,-1.682602975972200E+002,
2.240000000000000E+009,-8.875589908679746E+000,-1.705225340392406E+002,-8.875589908679746E+000,-1.705225340392406E+002,-8.875589908679746E+000,-1.705225340392406E+002,-8.875589908679746E+000,-1.705225340392406E+002,
2.245000000000000E+009,-8.554745847209395E+000,-1.722951292094071E+002,-8.554745847209395E+000,-1.722951292094071E+002,-8.554745847209395E+000,-1.722951292094071E+002,-8.554745847209395E+000,-1.722951292094071E+002,
2.250000000000000E+009,-8.276855863506190E+000,-1.735717712776463E+002,-8.276855863506190E+000,-1.735717712776463E+002,-8.276855863506190E+000,-1.735717712776463E+002,-8.276855863506190E+000,-1.735717712776463E+002,
2.255000000000000E+009,-8.032277396202684E+000,-1.741909045716694E+002,-8.032277396202684E+000,-1.741909045716694E+002,-8.032277396202684E+000,-1.741909045716694E+002,-8.032277396202684E+000,-1.741909045716694E+002,
2.260000000000000E+009,-7.805038070060008E+000,-1.743355302908475E+002,-7.805038070060008E+000,-1.743355302908475E+002,-7.805038070060008E+000,-1.743355302908475E+002,-7.805038070060008E+000,-1.743355302908475E+002,
2.265000000000000E+009,-7.597915102029961E+000,-1.740692242455811E+002,-7.597915102029961E+000,-1.740692242455811E+002,-7.597915102029961E+000,-1.740692242455811E+002,-7.597915102029961E+000,-1.740692242455811E+002,
2.270000000000000E+009,-7.402899429736282E+000,-1.736105236941693E+002,-7.402899429736282E+000,-1.736105236941693E+002,-7.402899429736282E+000,-1.736105236941693E+002,-7.402899429736282E+000,-1.736105236941693E+002,
2.275000000000000E+009,-7.253464875175474E+000,-1.730861484803527E+002,-7.253464875175474E+000,-1.730861484803527E+002,-7.253464875175474E+000,-1.730861484803527E+002,-7.253464875175474E+000,-1.730861484803527E+002,
2.280000000000000E+009,-7.167208791450904E+000,-1.723622526143052E+002,-7.167208791450904E+000,-1.723622526143052E+002,-7.167208791450904E+000,-1.723622526143052E+002,-7.167208791450904E+000,-1.723622526143052E+002,
2.285000000000000E+009,-7.136060038959482E+000,-1.713705701077508E+002,-7.136060038959482E+000,-1.713705701077508E+002,-7.136060038959482E+000,-1.713705701077508E+002,-7.136060038959482E+000,-1.713705701077508E+002,
2.290000000000000E+009,-7.122334759253906E+000,-1.700895207578001E+002,-7.122334759253906E+000,-1.700895207578001E+002,-7.122334759253906E+000,-1.700895207578001E+002,-7.122334759253906E+000,-1.700895207578001E+002,
2.295000000000000E+009,-7.130362452392512E+000,-1.687426711704491E+002,-7.130362452392512E+000,-1.687426711704491E+002,-7.130362452392512E+000,-1.687426711704491E+002,-7.130362452392512E+000,-1.687426711704491E+002,
2.300000000000000E+009,-7.149937339291969E+000,-1.673977322235047E+002,-7.149937339291969E+000,-1.673977322235047E+002,-7.149937339291969E+000,-1.673977322235047E+002,-7.149937339291969E+000,-1.673977322235047E+002,
2.305000000000000E+009,-7.196598478552079E+000,-1.662469298450820E+002,-7.196598478552079E+000,-1.662469298450820E+002,-7.196598478552079E+000,-1.662469298450820E+002,-7.196598478552079E+000,-1.662469298450820E+002,
2.310000000000000E+009,-7.293195605820810E+000,-1.653853351088188E+002,-7.293195605820810E+000,-1.653853351088188E+002,-7.293195605820810E+000,-1.653853351088188E+002,-7.293195605820810E+000,-1.653853351088188E+002,
2.315000000000000E+009,-7.470668517093238E+000,-1.646783189371026E+002,-7.470668517093238E+000,-1.646783189371026E+002,-7.470668517093238E+000,-1.646783189371026E+002,-7.470668517093238E+000,-1.646783189371026E+002,
2.320000000000000E+009,-7.726148381411268E+000,-1.638702262025485E+002,-7.726148381411268E+000,-1.638702262025485E+002,-7.726148381411268E+000,-1.638702262025485E+002,-7.726148381411268E+000,-1.638702262025485E+002,
2.325000000000000E+009,-8.002018588854849E+000,-1.629500764317723E+002,-8.002018588854849E+000,-1.629500764317723E+002,-8.002018588854849E+000,-1.629500764317723E+002,-8.002018588854849E+000,-1.629500764317723E+002,
2.330000000000000E+009,-8.277941973094841E+000,-1.622111157289123E+002,-8.277941973094841E+000,-1.622111157289123E+002,-8.277941973094841E+000,-1.622111157289123E+002,-8.277941973094841E+000,-1.622111157289123E+002,
2.335000000000000E+009,-8.558243074192895E+000,-1.618079977671530E+002,-8.558243074192895E+000,-1.618079977671530E+002,-8.558243074192895E+000,-1.618079977671530E+002,-8.558243074192895E+000,-1.618079977671530E+002,
2.340000000000000E+009,-8.853740599072637E+000,-1.619977633486403E+002,-8.853740599072637E+000,-1.619977633486403E+002,-8.853740599072637E+000,-1.619977633486403E+002,-8.853740599072637E+000,-1.619977633486403E+002,
2.345000000000000E+009,-9.187602512605066E+000,-1.628592113214767E+002,-9.187602512605066E+000,-1.628592113214767E+002,-9.187602512605066E+000,-1.628592113214767E+002,-9.187602512605066E+000,-1.628592113214767E+002,
2.350000000000000E+009,-9.597332715752685E+000,-1.643162779300948E+002,-9.597332715752685E+000,-1.643162779300948E+002,-9.597332715752685E+000,-1.643162779300948E+002,-9.597332715752685E+000,-1.643162779300948E+002,
2.355000000000000E+009,-1.003954387282516E+001,-1.659690768381915E+002,-1.003954387282516E+001,-1.659690768381915E+002,-1.003954387282516E+001,-1.659690768381915E+002,-1.003954387282516E+001,-1.659690768381915E+002,
2.360000000000000E+009,-1.045316033499638E+001,-1.680279472645162E+002,-1.045316033499638E+001,-1.680279472645162E+002,-1.045316033499638E+001,-1.680279472645162E+002,-1.045316033499638E+001,-1.680279472645162E+002,
2.365000000000000E+009,-1.081061215943436E+001,-1.705693607817889E+002,-1.081061215943436E+001,-1.705693607817889E+002,-1.081061215943436E+001,-1.705693607817889E+002,-1.081061215943436E+001,-1.705693607817889E+002,
2.370000000000000E+009,-1.105277467135467E+001,-1.737458932999891E+002,-1.105277467135467E+001,-1.737458932999891E+002,-1.105277467135467E+001,-1.737458932999891E+002,-1.105277467135467E+001,-1.737458932999891E+002,
2.375000000000000E+009,-1.119847554815200E+001,-1.779412975635937E+002,-1.119847554815200E+001,-1.779412975635937E+002,-1.119847554815200E+001,-1.779412975635937E+002,-1.119847554815200E+001,-1.779412975635937E+002,
2.380000000000000E+009,-1.130814556740578E+001,1.771170196870156E+002,-1.130814556740578E+001,1.771170196870156E+002,-1.130814556740578E+001,1.771170196870156E+002,-1.130814556740578E+001,1.771170196870156E+002,
2.385000000000000E+009,-1.140642404980548E+001,1.721668121782686E+002,-1.140642404980548E+001,1.721668121782686E+002,-1.140642404980548E+001,1.721668121782686E+002,-1.140642404980548E+001,1.721668121782686E+002,
2.390000000000000E+009,-1.144764005994529E+001,1.679341112091387E+002,-1.144764005994529E+001,1.679341112091387E+002,-1.144764005994529E+001,1.679341112091387E+002,-1.144764005994529E+001,1.679341112091387E+002,
2.395000000000000E+009,-1.135680581398270E+001,1.645820056359801E+002,-1.135680581398270E+001,1.645820056359801E+002,-1.135680581398270E+001,1.645820056359801E+002,-1.135680581398270E+001,1.645820056359801E+002,
2.400000000000000E+009,-1.112679484415647E+001,1.618548373348428E+002,-1.112679484415647E+001,1.618548373348428E+002,-1.112679484415647E+001,1.618548373348428E+002,-1.112679484415647E+001,1.618548373348428E+002,
2.405000000000000E+009,-1.079036117515527E+001,1.594151870946222E+002,-1.079036117515527E+001,1.594151870946222E+002,-1.079036117515527E+001,1.594151870946222E+002,-1.079036117515527E+001,1.594151870946222E+002,
2.410000000000000E+009,-1.046271540629867E+001,1.572274252574785E+002,-1.046271540629867E+001,1.572274252574785E+002,-1.046271540629867E+001,1.572274252574785E+002,-1.046271540629867E+001,1.572274252574785E+002,
2.415000000000000E+009,-1.019364832633242E+001,1.555588274240262E+002,-1.019364832633242E+001,1.555588274240262E+002,-1.019364832633242E+001,1.555588274240262E+002,-1.019364832633242E+001,1.555588274240262E+002,
2.420000000000000E+009,-9.972970476064305E+000,1.548881928130959E+002,-9.972970476064305E+000,1.548881928130959E+002,-9.972970476064305E+000,1.548881928130959E+002,-9.972970476064305E+000,1.548881928130959E+002,
2.425000000000000E+009,-9.751188695669347E+000,1.551077192746755E+002,-9.751188695669347E+000,1.551077192746755E+002,-9.751188695669347E+000,1.551077192746755E+002,-9.751188695669347E+000,1.551077192746755E+002,
2.430000000000000E+009,-9.511972496105088E+000,1.558755720766135E+002,-9.511972496105088E+000,1.558755720766135E+002,-9.511972496105088E+000,1.558755720766135E+002,-9.511972496105088E+000,1.558755720766135E+002,
2.435000000000000E+009,-9.255717606732471E+000,1.569798211649501E+002,-9.255717606732471E+000,1.569798211649501E+002,-9.255717606732471E+000,1.569798211649501E+002,-9.255717606732471E+000,1.569798211649501E+002,
2.440000000000000E+009,-9.021181109837277E+000,1.581270711700611E+002,-9.021181109837277E+000,1.581270711700611E+002,-9.021181109837277E+000,1.581270711700611E+002,-9.021181109837277E+000,1.581270711700611E+002,
2.445000000000000E+009,-8.850510345701292E+000,1.593397402641532E+002,-8.850510345701292E+000,1.593397402641532E+002,-8.850510345701292E+000,1.593397402641532E+002,-8.850510345701292E+000,1.593397402641532E+002,
2.450000000000000E+009,-8.745570056410458E+000,1.608762095596116E+002,-8.745570056410458E+000,1.608762095596116E+002,-8.745570056410458E+000,1.608762095596116E+002,-8.745570056410458E+000,1.608762095596116E+002,
2.455000000000000E+009,-8.688479179748944E+000,1.626483867245732E+002,-8.688479179748944E+000,1.626483867245732E+002,-8.688479179748944E+000,1.626483867245732E+002,-8.688479179748944E+000,1.626483867245732E+002,
2.460000000000000E+009,-8.697951032217659E+000,1.647923108671705E+002,-8.697951032217659E+000,1.647923108671705E+002,-8.697951032217659E+000,1.647923108671705E+002,-8.697951032217659E+000,1.647923108671705E+002,
2.465000000000000E+009,-8.706448536819686E+000,1.674857800549571E+002,-8.706448536819686E+000,1.674857800549571E+002,-8.706448536819686E+000,1.674857800549571E+002,-8.706448536819686E+000,1.674857800549571E+002,
2.470000000000000E+009,-8.679254427436701E+000,1.702239917091365E+002,-8.679254427436701E+000,1.702239917091365E+002,-8.679254427436701E+000,1.702239917091365E+002,-8.679254427436701E+000,1.702239917091365E+002,
2.475000000000000E+009,-8.656337931431283E+000,1.726094770581832E+002,-8.656337931431283E+000,1.726094770581832E+002,-8.656337931431283E+000,1.726094770581832E+002,-8.656337931431283E+000,1.726094770581832E+002,
2.480000000000000E+009,-8.705655593792278E+000,1.747758426152148E+002,-8.705655593792278E+000,1.747758426152148E+002,-8.705655593792278E+000,1.747758426152148E+002,-8.705655593792278E+000,1.747758426152148E+002,
2.485000000000000E+009,-8.809301097397819E+000,1.768828426576401E+002,-8.809301097397819E+000,1.768828426576401E+002,-8.809301097397819E+000,1.768828426576401E+002,-8.809301097397819E+000,1.768828426576401E+002,
2.490000000000000E+009,-8.994535963095851E+000,1.789969403131797E+002,-8.994535963095851E+000,1.789969403131797E+002,-8.994535963095851E+000,1.789969403131797E+002,-8.994535963095851E+000,1.789969403131797E+002,
2.495000000000000E+009,-9.215391038370147E+000,-1.786465110862723E+002,-9.215391038370147E+000,-1.786465110862723E+002,-9.215391038370147E+000,-1.786465110862723E+002,-9.215391038370147E+000,-1.786465110862723E+002,
2.500000000000000E+009,-9.421940609158918E+000,-1.762969954076033E+002,-9.421940609158918E+000,-1.762969954076033E+002,-9.421940609158918E+000,-1.762969954076033E+002,-9.421940609158918E+000,-1.762969954076033E+002,
2.505000000000000E+009,-9.632405642016517E+000,-1.744887282933922E+002,-9.632405642016517E+000,-1.744887282933922E+002,-9.632405642016517E+000,-1.744887282933922E+002,-9.632405642016517E+000,-1.744887282933922E+002,
2.510000000000000E+009,-9.919087439994730E+000,-1.733398352578154E+002,-9.919087439994730E+000,-1.733398352578154E+002,-9.919087439994730E+000,-1.733398352578154E+002,-9.919087439994730E+000,-1.733398352578154E+002,
2.515000000000000E+009,-1.033590930252764E+001,-1.726656090937001E+002,-1.033590930252764E+001,-1.726656090937001E+002,-1.033590930252764E+001,-1.726656090937001E+002,-1.033590930252764E+001,-1.726656090937001E+002,
2.520000000000000E+009,-1.090158904901844E+001,-1.720244390772670E+002,-1.090158904901844E+001,-1.720244390772670E+002,-1.090158904901844E+001,-1.720244390772670E+002,-1.090158904901844E+001,-1.720244390772670E+002,
2.525000000000000E+009,-1.154638530145549E+001,-1.708829159146360E+002,-1.154638530145549E+001,-1.708829159146360E+002,-1.154638530145549E+001,-1.708829159146360E+002,-1.154638530145549E+001,-1.708829159146360E+002,
2.530000000000000E+009,-1.215329035508459E+001,-1.696712085407901E+002,-1.215329035508459E+001,-1.696712085407901E+002,-1.215329035508459E+001,-1.696712085407901E+002,-1.215329035508459E+001,-1.696712085407901E+002,
2.535000000000000E+009,-1.270113991749752E+001,-1.690459574573114E+002,-1.270113991749752E+001,-1.690459574573114E+002,-1.270113991749752E+001,-1.690459574573114E+002,-1.270113991749752E+001,-1.690459574573114E+002,
2.540000000000000E+009,-1.324454236318977E+001,-1.697148317062778E+002,-1.324454236318977E+001,-1.697148317062778E+002,-1.324454236318977E+001,-1.697148317062778E+002,-1.324454236318977E+001,-1.697148317062778E+002,
2.545000000000000E+009,-1.387959349971482E+001,-1.715425354039023E+002,-1.387959349971482E+001,-1.715425354039023E+002,-1.387959349971482E+001,-1.715425354039023E+002,-1.387959349971482E+001,-1.715425354039023E+002,
2.550000000000000E+009,-1.461401116719251E+001,-1.741376668851759E+002,-1.461401116719251E+001,-1.741376668851759E+002,-1.461401116719251E+001,-1.741376668851759E+002,-1.461401116719251E+001,-1.741376668851759E+002,
2.555000000000000E+009,-1.537835852290448E+001,-1.766244324747017E+002,-1.537835852290448E+001,-1.766244324747017E+002,-1.537835852290448E+001,-1.766244324747017E+002,-1.537835852290448E+001,-1.766244324747017E+002,
2.560000000000000E+009,-1.595040246375605E+001,-1.791002130078029E+002,-1.595040246375605E+001,-1.791002130078029E+002,-1.595040246375605E+001,-1.791002130078029E+002,-1.595040246375605E+001,-1.791002130078029E+002,
2.565000000000000E+009,-1.623187964536738E+001,1.777734197890707E+002,-1.623187964536738E+001,1.777734197890707E+002,-1.623187964536738E+001,1.777734197890707E+002,-1.623187964536738E+001,1.777734197890707E+002,
2.570000000000000E+009,-1.625693100335553E+001,1.734966326827808E+002,-1.625693100335553E+001,1.734966326827808E+002,-1.625693100335553E+001,1.734966326827808E+002,-1.625693100335553E+001,1.734966326827808E+002,
2.575000000000000E+009,-1.613331836259169E+001,1.687160627366740E+002,-1.613331836259169E+001,1.687160627366740E+002,-1.613331836259169E+001,1.687160627366740E+002,-1.613331836259169E+001,1.687160627366740E+002,
2.580000000000000E+009,-1.594857880673244E+001,1.641299520850465E+002,-1.594857880673244E+001,1.641299520850465E+002,-1.594857880673244E+001,1.641299520850465E+002,-1.594857880673244E+001,1.641299520850465E+002,
2.585000000000000E+009,-1.569903641185841E+001,1.610006505607891E+002,-1.569903641185841E+001,1.610006505607891E+002,-1.569903641185841E+001,1.610006505607891E+002,-1.569903641185841E+001,1.610006505607891E+002,
2.590000000000000E+009,-1.534314418179058E+001,1.594845586184768E+002,-1.534314418179058E+001,1.594845586184768E+002,-1.534314418179058E+001,1.594845586184768E+002,-1.534314418179058E+001,1.594845586184768E+002,
2.595000000000000E+009,-1.485236735661671E+001,1.593123988201679E+002,-1.485236735661671E+001,1.593123988201679E+002,-1.485236735661671E+001,1.593123988201679E+002,-1.485236735661671E+001,1.593123988201679E+002,
2.600000000000000E+009,-1.424687868930939E+001,1.600714961392368E+002,-1.424687868930939E+001,1.600714961392368E+002,-1.424687868930939E+001,1.600714961392368E+002,-1.424687868930939E+001,1.600714961392368E+002,
2.605000000000000E+009,-1.355482711424173E+001,1.611469816554894E+002,-1.355482711424173E+001,1.611469816554894E+002,-1.355482711424173E+001,1.611469816554894E+002,-1.355482711424173E+001,1.611469816554894E+002,
2.610000000000000E+009,-1.287308498347560E+001,1.620907472773347E+002,-1.287308498347560E+001,1.620907472773347E+002,-1.287308498347560E+001,1.620907472773347E+002,-1.287308498347560E+001,1.620907472773347E+002,
2.615000000000000E+009,-1.228972780430913E+001,1.632934845030728E+002,-1.228972780430913E+001,1.632934845030728E+002,-1.228972780430913E+001,1.632934845030728E+002,-1.228972780430913E+001,1.632934845030728E+002,
2.620000000000000E+009,-1.180797003070704E+001,1.648750299401978E+002,-1.180797003070704E+001,1.648750299401978E+002,-1.180797003070704E+001,1.648750299401978E+002,-1.180797003070704E+001,1.648750299401978E+002,
2.625000000000000E+009,-1.140075550737331E+001,1.672450188531240E+002,-1.140075550737331E+001,1.672450188531240E+002,-1.140075550737331E+001,1.672450188531240E+002,-1.140075550737331E+001,1.672450188531240E+002,
2.630000000000000E+009,-1.097089609221518E+001,1.702778260682848E+002,-1.097089609221518E+001,1.702778260682848E+002,-1.097089609221518E+001,1.702778260682848E+002,-1.097089609221518E+001,1.702778260682848E+002,
2.635000000000000E+009,-1.050710235485045E+001,1.734421427599014E+002,-1.050710235485045E+001,1.734421427599014E+002,-1.050710235485045E+001,1.734421427599014E+002,-1.050710235485045E+001,1.734421427599014E+002,
2.640000000000000E+009,-1.005383148036350E+001,1.762648466286653E+002,-1.005383148036350E+001,1.762648466286653E+002,-1.005383148036350E+001,1.762648466286653E+002,-1.005383148036350E+001,1.762648466286653E+002,
2.645000000000000E+009,-9.664045517804066E+000,1.789293596390233E+002,-9.664045517804066E+000,1.789293596390233E+002,-9.664045517804066E+000,1.789293596390233E+002,-9.664045517804066E+000,1.789293596390233E+002,
2.650000000000000E+009,-9.354754921626983E+000,-1.784284528473932E+002,-9.354754921626983E+000,-1.784284528473932E+002,-9.354754921626983E+000,-1.784284528473932E+002,-9.354754921626983E+000,-1.784284528473932E+002,
2.655000000000000E+009,-9.120515780017408E+000,-1.755228277585493E+002,-9.120515780017408E+000,-1.755228277585493E+002,-9.120515780017408E+000,-1.755228277585493E+002,-9.120515780017408E+000,-1.755228277585493E+002,
2.660000000000000E+009,-8.896432233241663E+000,-1.721398176274164E+002,-8.896432233241663E+000,-1.721398176274164E+002,-8.896432233241663E+000,-1.721398176274164E+002,-8.896432233241663E+000,-1.721398176274164E+002,
2.665000000000000E+009,-8.612394536989864E+000,-1.688584473424673E+002,-8.612394536989864E+000,-1.688584473424673E+002,-8.612394536989864E+000,-1.688584473424673E+002,-8.612394536989864E+000,-1.688584473424673E+002,
2.670000000000000E+009,-8.349396481683900E+000,-1.661565772006663E+002,-8.349396481683900E+000,-1.661565772006663E+002,-8.349396481683900E+000,-1.661565772006663E+002,-8.349396481683900E+000,-1.661565772006663E+002,
2.675000000000000E+009,-8.153936862291079E+000,-1.637205210770459E+002,-8.153936862291079E+000,-1.637205210770459E+002,-8.153936862291079E+000,-1.637205210770459E+002,-8.153936862291079E+000,-1.637205210770459E+002,
2.680000000000000E+009,-8.019120797706867E+000,-1.615443259666727E+002,-8.019120797706867E+000,-1.615443259666727E+002,-8.019120797706867E+000,-1.615443259666727E+002,-8.019120797706867E+000,-1.615443259666727E+002,
2.685000000000000E+009,-7.973923339534529E+000,-1.594249331288303E+002,-7.973923339534529E+000,-1.594249331288303E+002,-7.973923339534529E+000,-1.594249331288303E+002,-7.973923339534529E+000,-1.594249331288303E+002,
2.690000000000000E+009,-7.968735460644214E+000,-1.570606808100883E+002,-7.968735460644214E+000,-1.570606808100883E+002,-7.968735460644214E+000,-1.570606808100883E+002,-7.968735460644214E+000,-1.570606808100883E+002,
2.695000000000000E+009,-7.948422986460232E+000,-1.547114220423960E+002,-7.948422986460232E+000,-1.547114220423960E+002,-7.948422986460232E+000,-1.547114220423960E+002,-7.948422986460232E+000,-1.547114220423960E+002,
2.700000000000000E+009,-7.926151075066009E+000,-1.528129302257209E+002,-7.926151075066009E+000,-1.528129302257209E+002,-7.926151075066009E+000,-1.528129302257209E+002,-7.926151075066009E+000,-1.528129302257209E+002,
2.705000000000000E+009,-7.936283856584510E+000,-1.513690317357012E+002,-7.936283856584510E+000,-1.513690317357012E+002,-7.936283856584510E+000,-1.513690317357012E+002,-7.936283856584510E+000,-1.513690317357012E+002,
2.710000000000000E+009,-8.001014079469540E+000,-1.504309460190492E+002,-8.001014079469540E+000,-1.504309460190492E+002,-8.001014079469540E+000,-1.504309460190492E+002,-8.001014079469540E+000,-1.504309460190492E+002,
2.715000000000000E+009,-8.134785268114934E+000,-1.497941462529160E+002,-8.134785268114934E+000,-1.497941462529160E+002,-8.134785268114934E+000,-1.497941462529160E+002,-8.134785268114934E+000,-1.497941462529160E+002,
2.720000000000000E+009,-8.307288741290080E+000,-1.493676801201955E+002,-8.307288741290080E+000,-1.493676801201955E+002,-8.307288741290080E+000,-1.493676801201955E+002,-8.307288741290080E+000,-1.493676801201955E+002,
2.725000000000000E+009,-8.501181243203533E+000,-1.492191527636308E+002,-8.501181243203533E+000,-1.492191527636308E+002,-8.501181243203533E+000,-1.492191527636308E+002,-8.501181243203533E+000,-1.492191527636308E+002,
2.730000000000000E+009,-8.689654091312432E+000,-1.493888871835721E+002,-8.689654091312432E+000,-1.493888871835721E+002,-8.689654091312432E+000,-1.493888871835721E+002,-8.689654091312432E+000,-1.493888871835721E+002,
2.735000000000000E+009,-8.830886300594989E+000,-1.501793829765044E+002,-8.830886300594989E+000,-1.501793829765044E+002,-8.830886300594989E+000,-1.501793829765044E+002,-8.830886300594989E+000,-1.501793829765044E+002,
2.740000000000000E+009,-8.951539062992788E+000,-1.519226731260604E+002,-8.951539062992788E+000,-1.519226731260604E+002,-8.951539062992788E+000,-1.519226731260604E+002,-8.951539062992788E+000,-1.519226731260604E+002,
2.745000000000000E+009,-9.103497067535949E+000,-1.546170896895191E+002,-9.103497067535949E+000,-1.546170896895191E+002,-9.103497067535949E+000,-1.546170896895191E+002,-9.103497067535949E+000,-1.546170896895191E+002,
2.750000000000000E+009,-9.285637335083310E+000,-1.576665953242431E+002,-9.285637335083310E+000,-1.576665953242431E+002,-9.285637335083310E+000,-1.576665953242431E+002,-9.285637335083310E+000,-1.576665953242431E+002,
2.755000000000000E+009,-9.426779469333319E+000,-1.607999272257697E+002,-9.426779469333319E+000,-1.607999272257697E+002,-9.426779469333319E+000,-1.607999272257697E+002,-9.426779469333319E+000,-1.607999272257697E+002,
2.760000000000000E+009,-9.451120371623524E+000,-1.639591764936162E+002,-9.451120371623524E+000,-1.639591764936162E+002,-9.451120371623524E+000,-1.639591764936162E+002,-9.451120371623524E+000,-1.639591764936162E+002,
2.765000000000000E+009,-9.345872160388677E+000,-1.673299494041117E+002,-9.345872160388677E+000,-1.673299494041117E+002,-9.345872160388677E+000,-1.673299494041117E+002,-9.345872160388677E+000,-1.673299494041117E+002,
2.770000000000000E+009,-9.113843630032726E+000,-1.709307471759658E+002,-9.113843630032726E+000,-1.709307471759658E+002,-9.113843630032726E+000,-1.709307471759658E+002,-9.113843630032726E+000,-1.709307471759658E+002,
2.775000000000000E+009,-8.805793620671771E+000,-1.746756671001229E+002,-8.805793620671771E+000,-1.746756671001229E+002,-8.805793620671771E+000,-1.746756671001229E+002,-8.805793620671771E+000,-1.746756671001229E+002,
2.780000000000000E+009,-8.487135086531813E+000,-1.782874838471850E+002,-8.487135086531813E+000,-1.782874838471850E+002,-8.487135086531813E+000,-1.782874838471850E+002,-8.487135086531813E+000,-1.782874838471850E+002,
2.785000000000000E+009,-8.156091549149400E+000,1.787457034621700E+002,-8.156091549149400E+000,1.787457034621700E+002,-8.156091549149400E+000,1.787457034621700E+002,-8.156091549149400E+000,1.787457034621700E+002,
2.790000000000000E+009,-7.804756911638930E+000,1.764579733939484E+002,-7.804756911638930E+000,1.764579733939484E+002,-7.804756911638930E+000,1.764579733939484E+002,-7.804756911638930E+000,1.764579733939484E+002,
2.795000000000000E+009,-7.426710781125060E+000,1.748556944694670E+002,-7.426710781125060E+000,1.748556944694670E+002,-7.426710781125060E+000,1.748556944694670E+002,-7.426710781125060E+000,1.748556944694670E+002,
2.800000000000000E+009,-7.019436389952029E+000,1.737421261254065E+002,-7.019436389952029E+000,1.737421261254065E+002,-7.019436389952029E+000,1.737421261254065E+002,-7.019436389952029E+000,1.737421261254065E+002,
2.805000000000000E+009,-6.614459276736987E+000,1.729768533775065E+002,-6.614459276736987E+000,1.729768533775065E+002,-6.614459276736987E+000,1.729768533775065E+002,-6.614459276736987E+000,1.729768533775065E+002,
2.810000000000000E+009,-6.230193977275950E+000,1.724240213383989E+002,-6.230193977275950E+000,1.724240213383989E+002,-6.230193977275950E+000,1.724240213383989E+002,-6.230193977275950E+000,1.724240213383989E+002,
2.815000000000000E+009,-5.899162481250559E+000,1.720438165040691E+002,-5.899162481250559E+000,1.720438165040691E+002,-5.899162481250559E+000,1.720438165040691E+002,-5.899162481250559E+000,1.720438165040691E+002,
2.820000000000000E+009,-5.636932632689532E+000,1.720590476466057E+002,-5.636932632689532E+000,1.720590476466057E+002,-5.636932632689532E+000,1.720590476466057E+002,-5.636932632689532E+000,1.720590476466057E+002,
2.825000000000000E+009,-5.419524255019218E+000,1.725801760355230E+002,-5.419524255019218E+000,1.725801760355230E+002,-5.419524255019218E+000,1.725801760355230E+002,-5.419524255019218E+000,1.725801760355230E+002,
2.830000000000000E+009,-5.206670966399718E+000,1.734808995211000E+002,-5.206670966399718E+000,1.734808995211000E+002,-5.206670966399718E+000,1.734808995211000E+002,-5.206670966399718E+000,1.734808995211000E+002,
2.835000000000000E+009,-5.001657942701900E+000,1.744679097913921E+002,-5.001657942701900E+000,1.744679097913921E+002,-5.001657942701900E+000,1.744679097913921E+002,-5.001657942701900E+000,1.744679097913921E+002,
2.840000000000000E+009,-4.829724368561274E+000,1.755120084415084E+002,-4.829724368561274E+000,1.755120084415084E+002,-4.829724368561274E+000,1.755120084415084E+002,-4.829724368561274E+000,1.755120084415084E+002,
2.845000000000000E+009,-4.684003134306105E+000,1.765674149466444E+002,-4.684003134306105E+000,1.765674149466444E+002,-4.684003134306105E+000,1.765674149466444E+002,-4.684003134306105E+000,1.765674149466444E+002,
2.850000000000000E+009,-4.579582791593811E+000,1.775576041438575E+002,-4.579582791593811E+000,1.775576041438575E+002,-4.579582791593811E+000,1.775576041438575E+002,-4.579582791593811E+000,1.775576041438575E+002,
2.855000000000000E+009,-4.535630786110451E+000,1.785549111398796E+002,-4.535630786110451E+000,1.785549111398796E+002,-4.535630786110451E+000,1.785549111398796E+002,-4.535630786110451E+000,1.785549111398796E+002,
2.860000000000000E+009,-4.533900780893308E+000,1.797319833291390E+002,-4.533900780893308E+000,1.797319833291390E+002,-4.533900780893308E+000,1.797319833291390E+002,-4.533900780893308E+000,1.797319833291390E+002,
2.865000000000000E+009,-4.539330885883193E+000,-1.790104848620209E+002,-4.539330885883193E+000,-1.790104848620209E+002,-4.539330885883193E+000,-1.790104848620209E+002,-4.539330885883193E+000,-1.790104848620209E+002,
2.870000000000000E+009,-4.545596677765547E+000,-1.779160978807705E+002,-4.545596677765547E+000,-1.779160978807705E+002,-4.545596677765547E+000,-1.779160978807705E+002,-4.545596677765547E+000,-1.779160978807705E+002,
2.875000000000000E+009,-4.579278668068600E+000,-1.770743286818536E+002,-4.579278668068600E+000,-1.770743286818536E+002,-4.579278668068600E+000,-1.770743286818536E+002,-4.579278668068600E+000,-1.770743286818536E+002,
2.880000000000000E+009,-4.638710221591221E+000,-1.765685903698408E+002,-4.638710221591221E+000,-1.765685903698408E+002,-4.638710221591221E+000,-1.765685903698408E+002,-4.638710221591221E+000,-1.765685903698408E+002,
2.885000000000000E+009,-4.744826502652138E+000,-1.763942577669517E+002,-4.744826502652138E+000,-1.763942577669517E+002,-4.744826502652138E+000,-1.763942577669517E+002,-4.744826502652138E+000,-1.763942577669517E+002,
2.890000000000000E+009,-4.911360016884399E+000,-1.764809631851165E+002,-4.911360016884399E+000,-1.764809631851165E+002,-4.911360016884399E+000,-1.764809631851165E+002,-4.911360016884399E+000,-1.764809631851165E+002,
2.895000000000000E+009,-5.114656126997896E+000,-1.766542477389695E+002,-5.114656126997896E+000,-1.766542477389695E+002,-5.114656126997896E+000,-1.766542477389695E+002,-5.114656126997896E+000,-1.766542477389695E+002,
2.900000000000000E+009,-5.311421028932264E+000,-1.770177979951712E+002,-5.311421028932264E+000,-1.770177979951712E+002,-5.311421028932264E+000,-1.770177979951712E+002,-5.311421028932264E+000,-1.770177979951712E+002,
2.905000000000000E+009,-5.497121455339991E+000,-1.778668470347562E+002,-5.497121455339991E+000,-1.778668470347562E+002,-5.497121455339991E+000,-1.778668470347562E+002,-5.497121455339991E+000,-1.778668470347562E+002,
2.910000000000000E+009,-5.676662918848079E+000,-1.793267222744345E+002,-5.676662918848079E+000,-1.793267222744345E+002,-5.676662918848079E+000,-1.793267222744345E+002,-5.676662918848079E+000,-1.793267222744345E+002,
2.915000000000000E+009,-5.880893889283496E+000,1.785976073230561E+002,-5.880893889283496E+000,1.785976073230561E+002,-5.880893889283496E+000,1.785976073230561E+002,-5.880893889283496E+000,1.785976073230561E+002,
2.920000000000000E+009,-6.098191717976738E+000,1.761196420613941E+002,-6.098191717976738E+000,1.761196420613941E+002,-6.098191717976738E+000,1.761196420613941E+002,-6.098191717976738E+000,1.761196420613941E+002,
2.925000000000000E+009,-6.294397465324621E+000,1.732718116586323E+002,-6.294397465324621E+000,1.732718116586323E+002,-6.294397465324621E+000,1.732718116586323E+002,-6.294397465324621E+000,1.732718116586323E+002,
2.930000000000000E+009,-6.462222592467517E+000,1.701520877154664E+002,-6.462222592467517E+000,1.701520877154664E+002,-6.462222592467517E+000,1.701520877154664E+002,-6.462222592467517E+000,1.701520877154664E+002,
2.935000000000000E+009,-6.548990972460400E+000,1.668612642159462E+002,-6.548990972460400E+000,1.668612642159462E+002,-6.548990972460400E+000,1.668612642159462E+002,-6.548990972460400E+000,1.668612642159462E+002,
2.940000000000000E+009,-6.551574685350365E+000,1.632585111226512E+002,-6.551574685350365E+000,1.632585111226512E+002,-6.551574685350365E+000,1.632585111226512E+002,-6.551574685350365E+000,1.632585111226512E+002,
2.945000000000000E+009,-6.498036401696173E+000,1.594482786309636E+002,-6.498036401696173E+000,1.594482786309636E+002,-6.498036401696173E+000,1.594482786309636E+002,-6.498036401696173E+000,1.594482786309636E+002,
2.950000000000000E+009,-6.409038600078959E+000,1.557309873144630E+002,-6.409038600078959E+000,1.557309873144630E+002,-6.409038600078959E+000,1.557309873144630E+002,-6.409038600078959E+000,1.557309873144630E+002,
