% Version 1.00
%
%freq[Hz],db:Trc1_S11,ang:Trc1_S11,
2.000000000000000E+009,-5.477544755438217E+000,1.862961355561919E+001,
2.005000000000000E+009,-5.462631042290226E+000,1.728546626248778E+001,
2.010000000000000E+009,-5.447542965047978E+000,1.606997148477408E+001,
2.015000000000000E+009,-5.430174344547048E+000,1.490293670235805E+001,
2.020000000000000E+009,-5.419977102820726E+000,1.372489865534929E+001,
2.025000000000000E+009,-5.406018860812694E+000,1.275944207928320E+001,
2.030000000000000E+009,-5.403934334234874E+000,1.182073917939318E+001,
2.035000000000000E+009,-5.400683907099436E+000,1.090960089494850E+001,
2.040000000000000E+009,-5.403075289185544E+000,1.008647760717994E+001,
2.045000000000000E+009,-5.388473911448647E+000,9.534850059075902E+000,
2.050000000000000E+009,-5.361121872992579E+000,8.984215205380751E+000,
2.055000000000000E+009,-5.328039187143429E+000,8.499064478940881E+000,
2.060000000000000E+009,-5.270144772795853E+000,7.960173226038138E+000,
2.065000000000000E+009,-5.183514395197346E+000,7.583998630899556E+000,
2.070000000000000E+009,-5.092259911380516E+000,7.058504130523989E+000,
2.075000000000000E+009,-4.989953404375685E+000,6.403145148244700E+000,
2.080000000000000E+009,-4.870300746239082E+000,5.562386660891699E+000,
2.085000000000000E+009,-4.746910575754284E+000,4.827785033596784E+000,
2.090000000000000E+009,-4.633386373581295E+000,3.882774732500664E+000,
2.095000000000000E+009,-4.527534368091893E+000,2.729387172860615E+000,
2.100000000000000E+009,-4.435640833865941E+000,1.416955053877662E+000,
2.105000000000000E+009,-4.354940983417393E+000,4.539762257564120E-001,
2.110000000000000E+009,-4.278445073367678E+000,-6.788413715258779E-001,
2.115000000000000E+009,-4.208198249552154E+000,-2.025568749680967E+000,
2.120000000000000E+009,-4.139857233216046E+000,-3.461606592447053E+000,
2.125000000000000E+009,-4.100621828104923E+000,-4.591738158965853E+000,
2.130000000000000E+009,-4.073824840749750E+000,-5.881156053607814E+000,
2.135000000000000E+009,-4.036880718258571E+000,-7.322710792886860E+000,
2.140000000000000E+009,-3.993351452959836E+000,-8.877652410031601E+000,
2.145000000000000E+009,-3.971597903670544E+000,-1.002279608865926E+001,
2.150000000000000E+009,-3.965250869912785E+000,-1.138148273904248E+001,
2.155000000000000E+009,-3.968659745456073E+000,-1.291918316879845E+001,
2.160000000000000E+009,-3.964602685495740E+000,-1.457036092813021E+001,
2.165000000000000E+009,-3.987086552747400E+000,-1.596455350980780E+001,
2.170000000000000E+009,-4.019450459113598E+000,-1.745256611927978E+001,
2.175000000000000E+009,-4.055826215600172E+000,-1.902967794459832E+001,
2.180000000000000E+009,-4.094435024594632E+000,-2.062582601978625E+001,
2.185000000000000E+009,-4.155712164845436E+000,-2.205764896544587E+001,
2.190000000000000E+009,-4.222050801254495E+000,-2.353536704580939E+001,
2.195000000000000E+009,-4.292855184798668E+000,-2.504498811251013E+001,
2.200000000000000E+009,-4.363623211608089E+000,-2.655790410443397E+001,
2.205000000000000E+009,-4.450622816935739E+000,-2.800117977487506E+001,
2.210000000000000E+009,-4.543058952218376E+000,-2.946763523136191E+001,
2.215000000000000E+009,-4.631817086324459E+000,-3.095495083547806E+001,
2.220000000000000E+009,-4.715773812243667E+000,-3.246585745769080E+001,
2.225000000000000E+009,-4.820406182897751E+000,-3.401453644717454E+001,
2.230000000000000E+009,-4.930422034123408E+000,-3.566106643537508E+001,
2.235000000000000E+009,-5.049607237927429E+000,-3.734021519087663E+001,
2.240000000000000E+009,-5.178836302831838E+000,-3.897578668964740E+001,
2.245000000000000E+009,-5.340995326581070E+000,-4.064895712638087E+001,
2.250000000000000E+009,-5.506261586209501E+000,-4.232933338095194E+001,
2.255000000000000E+009,-5.679085254372771E+000,-4.399184016075254E+001,
2.260000000000000E+009,-5.861557300525789E+000,-4.555716584893938E+001,
2.265000000000000E+009,-6.069939016299879E+000,-4.718648469850067E+001,
2.270000000000000E+009,-6.285203996124436E+000,-4.874443598653024E+001,
2.275000000000000E+009,-6.496831528652502E+000,-5.023593203414306E+001,
2.280000000000000E+009,-6.711298990327656E+000,-5.165077686818711E+001,
2.285000000000000E+009,-6.941168197467068E+000,-5.328277003592456E+001,
2.290000000000000E+009,-7.164913590224805E+000,-5.492539962042750E+001,
2.295000000000000E+009,-7.380780874850422E+000,-5.641586442638821E+001,
2.300000000000000E+009,-7.605972427943108E+000,-5.785036922800254E+001,
2.305000000000000E+009,-7.856016459169664E+000,-5.963990607726251E+001,
2.310000000000000E+009,-8.088504691762736E+000,-6.154768361417401E+001,
2.315000000000000E+009,-8.316293288213199E+000,-6.338388948895503E+001,
2.320000000000000E+009,-8.541365622092599E+000,-6.514342560876145E+001,
2.325000000000000E+009,-8.802933619318765E+000,-6.765043689865064E+001,
2.330000000000000E+009,-9.064949414380145E+000,-7.013598839985566E+001,
2.335000000000000E+009,-9.332566469893109E+000,-7.252141562197724E+001,
2.340000000000000E+009,-9.609722127688047E+000,-7.484830281872686E+001,
2.345000000000000E+009,-9.917738042756739E+000,-7.808667162843078E+001,
2.350000000000000E+009,-1.022344998051826E+001,-8.132824321879377E+001,
2.355000000000000E+009,-1.053550180425127E+001,-8.450499391631026E+001,
2.360000000000000E+009,-1.087662080879379E+001,-8.772373791310257E+001,
2.365000000000000E+009,-1.121933708518504E+001,-9.185904525205127E+001,
2.370000000000000E+009,-1.156447259644608E+001,-9.611866258888665E+001,
2.375000000000000E+009,-1.194103249695396E+001,-1.005595058569356E+002,
2.380000000000000E+009,-1.237209036348773E+001,-1.051554712490121E+002,
2.385000000000000E+009,-1.276736856397452E+001,-1.104184525625936E+002,
2.390000000000000E+009,-1.314361498546099E+001,-1.158515990043401E+002,
2.395000000000000E+009,-1.352287741216829E+001,-1.217161577964822E+002,
2.400000000000000E+009,-1.391899742769149E+001,-1.279542517084387E+002,
2.405000000000000E+009,-1.422966723869017E+001,-1.348272622990620E+002,
2.410000000000000E+009,-1.451501245533480E+001,-1.418141190791006E+002,
2.415000000000000E+009,-1.477448436698168E+001,-1.491501448905163E+002,
2.420000000000000E+009,-1.500878257518980E+001,-1.567436448189019E+002,
2.425000000000000E+009,-1.509610430635276E+001,-1.641827733464291E+002,
2.430000000000000E+009,-1.513422910646030E+001,-1.715257401105613E+002,
2.435000000000000E+009,-1.511837473637000E+001,-1.787451402155079E+002,
2.440000000000000E+009,-1.502929972507848E+001,1.741908600495269E+002,
2.445000000000000E+009,-1.480460195333965E+001,1.679226651629183E+002,
2.450000000000000E+009,-1.455637364910674E+001,1.618612168592919E+002,
2.455000000000000E+009,-1.430267981922394E+001,1.560870741392036E+002,
2.460000000000000E+009,-1.401173858159418E+001,1.506123714684684E+002,
2.465000000000000E+009,-1.367314537634309E+001,1.461054588961996E+002,
2.470000000000000E+009,-1.334886230763358E+001,1.417850902973320E+002,
2.475000000000000E+009,-1.301347978153680E+001,1.376592972681127E+002,
2.480000000000000E+009,-1.266655877490475E+001,1.337024777400903E+002,
2.485000000000000E+009,-1.235765498424875E+001,1.305615461272441E+002,
2.490000000000000E+009,-1.205560808192812E+001,1.275076475018546E+002,
2.495000000000000E+009,-1.175254479048382E+001,1.245119357521762E+002,
2.500000000000000E+009,-1.145292081471647E+001,1.215803118323216E+002,
2.505000000000000E+009,-1.122185879789459E+001,1.193177856492720E+002,
2.510000000000000E+009,-1.099678980579968E+001,1.170778659826405E+002,
2.515000000000000E+009,-1.076460477277725E+001,1.149105157350251E+002,
2.520000000000000E+009,-1.051390905119092E+001,1.128166124880147E+002,
2.525000000000000E+009,-1.033869898565657E+001,1.111986276450548E+002,
2.530000000000000E+009,-1.017055486590137E+001,1.095389971392421E+002,
2.535000000000000E+009,-9.987021722364029E+000,1.079438731278222E+002,
2.540000000000000E+009,-9.795303340233543E+000,1.064079514984156E+002,
2.545000000000000E+009,-9.675304283093846E+000,1.052692727452792E+002,
2.550000000000000E+009,-9.547849467201244E+000,1.041098070699415E+002,
2.555000000000000E+009,-9.411643030879505E+000,1.029966710971349E+002,
2.560000000000000E+009,-9.250022893356123E+000,1.020495108973143E+002,
2.565000000000000E+009,-9.140332984230597E+000,1.013772511247992E+002,
2.570000000000000E+009,-9.015002822980657E+000,1.006802060118966E+002,
2.575000000000000E+009,-8.872935664138193E+000,1.000724772295202E+002,
2.580000000000000E+009,-8.703518971103980E+000,9.955373973268013E+001,
2.585000000000000E+009,-8.574897801250453E+000,9.916918700822743E+001,
2.590000000000000E+009,-8.431674062707989E+000,9.881388989991262E+001,
2.595000000000000E+009,-8.263342746800175E+000,9.850594826793090E+001,
2.600000000000000E+009,-8.073230218931025E+000,9.825557947417522E+001,
2.605000000000000E+009,-7.901321349433178E+000,9.806480009507783E+001,
2.610000000000000E+009,-7.705914460019538E+000,9.781474377038565E+001,
2.615000000000000E+009,-7.494809110755829E+000,9.751188782485446E+001,
2.620000000000000E+009,-7.269806852494471E+000,9.724065566429748E+001,
2.625000000000000E+009,-7.065393165754357E+000,9.691495627693287E+001,
2.630000000000000E+009,-6.850501873251483E+000,9.650762357455447E+001,
2.635000000000000E+009,-6.621641051031094E+000,9.607417990801359E+001,
2.640000000000000E+009,-6.391022896636621E+000,9.566470611264809E+001,
2.645000000000000E+009,-6.180697024747061E+000,9.510167633597952E+001,
2.650000000000000E+009,-5.961790710607931E+000,9.448541012540510E+001,
2.655000000000000E+009,-5.738580667030714E+000,9.384986622588637E+001,
2.660000000000000E+009,-5.520454541365121E+000,9.318955149063990E+001,
2.665000000000000E+009,-5.321925445847591E+000,9.234913790937713E+001,
2.670000000000000E+009,-5.122098683409449E+000,9.148402428421166E+001,
2.675000000000000E+009,-4.934385386304559E+000,9.061729329598020E+001,
2.680000000000000E+009,-4.757439755874413E+000,8.977339039558535E+001,
2.685000000000000E+009,-4.598419809156594E+000,8.869590380881458E+001,
2.690000000000000E+009,-4.444029795213512E+000,8.762095596997868E+001,
2.695000000000000E+009,-4.299444019356106E+000,8.662661438546380E+001,
2.700000000000000E+009,-4.159637102625692E+000,8.568824591265687E+001,
2.705000000000000E+009,-4.039729905577974E+000,8.452059957670035E+001,
2.710000000000000E+009,-3.930138598137430E+000,8.340578469787452E+001,
2.715000000000000E+009,-3.831407056625691E+000,8.241200065255912E+001,
2.720000000000000E+009,-3.735424355443094E+000,8.158573719380817E+001,
2.725000000000000E+009,-3.649963523046026E+000,8.047160517634319E+001,
2.730000000000000E+009,-3.569837998476833E+000,7.941442018502376E+001,
2.735000000000000E+009,-3.495210913374478E+000,7.849278089488871E+001,
2.740000000000000E+009,-3.426326604505585E+000,7.773835349532790E+001,
2.745000000000000E+009,-3.358363291282926E+000,7.671922814531035E+001,
2.750000000000000E+009,-3.291536164458756E+000,7.578640817467695E+001,
2.755000000000000E+009,-3.225856657042717E+000,7.494425282632743E+001,
2.760000000000000E+009,-3.167140842486805E+000,7.425603355478546E+001,
2.765000000000000E+009,-3.112398870425006E+000,7.334516900078302E+001,
2.770000000000000E+009,-3.057336392305107E+000,7.249429097232887E+001,
2.775000000000000E+009,-3.005192868931226E+000,7.176295619625279E+001,
2.780000000000000E+009,-2.959905766054958E+000,7.110369985471245E+001,
2.785000000000000E+009,-2.916991676668781E+000,7.030582320692865E+001,
2.790000000000000E+009,-2.869390695742399E+000,6.959263699267126E+001,
2.795000000000000E+009,-2.824102789468858E+000,6.898808716214846E+001,
2.800000000000000E+009,-2.780744442898187E+000,6.843517052434423E+001,
2.805000000000000E+009,-2.737813274233470E+000,6.772208586975945E+001,
2.810000000000000E+009,-2.690071957516336E+000,6.709462901751525E+001,
2.815000000000000E+009,-2.644740514695480E+000,6.651691181963261E+001,
2.820000000000000E+009,-2.600140011115559E+000,6.600703976035273E+001,
2.825000000000000E+009,-2.547876114717167E+000,6.533651739841332E+001,
2.830000000000000E+009,-2.500425967056548E+000,6.474140013479581E+001,
2.835000000000000E+009,-2.452033799411517E+000,6.417841974178940E+001,
2.840000000000000E+009,-2.407129676172654E+000,6.360910338414229E+001,
2.845000000000000E+009,-2.362266334201044E+000,6.289802765776983E+001,
2.850000000000000E+009,-2.322953161979812E+000,6.225743731802699E+001,
2.855000000000000E+009,-2.275701800641210E+000,6.165326741484110E+001,
2.860000000000000E+009,-2.234388401587492E+000,6.106183576595497E+001,
2.865000000000000E+009,-2.192292920705793E+000,6.039635153984464E+001,
2.870000000000000E+009,-2.152168868041779E+000,5.975650845080205E+001,
2.875000000000000E+009,-2.119883377728807E+000,5.915112361235797E+001,
2.880000000000000E+009,-2.085552332520555E+000,5.852653554070761E+001,
2.885000000000000E+009,-2.059031300252492E+000,5.783977256585112E+001,
2.890000000000000E+009,-2.032235592366638E+000,5.720234214246185E+001,
2.895000000000000E+009,-2.002207996482330E+000,5.659453364917675E+001,
2.900000000000000E+009,-1.970987596277642E+000,5.595647915509763E+001,
2.905000000000000E+009,-1.949322095174709E+000,5.524868278073335E+001,
2.910000000000000E+009,-1.929674414485036E+000,5.464050301661765E+001,
2.915000000000000E+009,-1.910195832380902E+000,5.405892110523227E+001,
2.920000000000000E+009,-1.890959155955374E+000,5.338287468415955E+001,
2.925000000000000E+009,-1.869989633245591E+000,5.273754058983354E+001,
2.930000000000000E+009,-1.853513561584697E+000,5.215161575522997E+001,
2.935000000000000E+009,-1.838251954363669E+000,5.156386963418429E+001,
2.940000000000000E+009,-1.824843086513577E+000,5.095789303788562E+001,
2.945000000000000E+009,-1.808011866470087E+000,5.038986818543304E+001,
2.950000000000000E+009,-1.794404278209097E+000,4.982754334747434E+001,
2.955000000000000E+009,-1.781381257142318E+000,4.927370296841919E+001,
2.960000000000000E+009,-1.772570596229792E+000,4.871134496581367E+001,
2.965000000000000E+009,-1.755099375806727E+000,4.820770378746339E+001,
2.970000000000000E+009,-1.743287678722924E+000,4.773174347097646E+001,
2.975000000000000E+009,-1.730377182832541E+000,4.722999494008590E+001,
2.980000000000000E+009,-1.721504794132908E+000,4.667722094510390E+001,
2.985000000000000E+009,-1.707697599294404E+000,4.620800607869946E+001,
2.990000000000000E+009,-1.698418037559516E+000,4.573353750811363E+001,
2.995000000000000E+009,-1.687818432306352E+000,4.525613556098327E+001,
3.000000000000000E+009,-1.683223071400413E+000,4.474728357578193E+001,
